[[-1.1591460990498931e-12, 0.24626354072414985, -6.264826223641926, 0.06375036516658925, 0.03810848157653792, 9.273503063172261e-05, -6.018769066655e-05, -1.2515953652991787e-07, 3.484183161e-08, 3.656843380236075e-11, -6.70415e-12],
[-1.4330697560727074e-12, 0.24626354072414985, -6.264826223641926, 0.06375036516658925, 0.03810848157653792, 9.273503063172261e-05, -6.018769066655e-05, -1.2515953652991787e-07, 3.484183161e-08, 3.656843380236075e-11, -6.70415e-12],
[-1.4330697560727074e-12, 0.23183190964512126, -6.264826223641926, 0.06375036516658925, 0.03810848157653792, 9.273503063172261e-05, -6.018769066655e-05, -1.2515953652991787e-07, 3.484183161e-08, 3.656843380236075e-11, -6.70415e-12],
[-1.153115666574796e-12, 0.2460687512286472, -6.264826223641926, 0.06375036516658925, 0.03810848157653792, 9.273503063172261e-05, -6.018769066655e-05, -1.2515953652991787e-07, 3.484183161e-08, 3.656843380236075e-11, -6.70415e-12],
[-1.3440437126685077e-12, 0.23183190964512126, -6.264826223641926, 0.06375036516658925, 0.03810848157653792, 9.273503063172261e-05, -6.018769066655e-05, -1.2515953652991787e-07, 3.484183161e-08, 3.656843380236075e-11, -6.70415e-12],
[-1.4330697560727074e-12, 0.23183190964512126, -6.264826223641926, 0.06375036516658925, 0.03810848157653792, 9.273503063172261e-05, -6.018769066655e-05, -1.2515953652991787e-07, 3.484183161e-08, 3.656843380236075e-11, -6.70415e-12],
[-1.2368166160654912e-12, 0.24336027516796152, -6.264826223641926, 0.06375036516658925, 0.03810848157653792, 9.273503063172261e-05, -6.018769066655e-05, -1.2515953652991787e-07, 3.484183161e-08, 3.656843380236075e-11, -6.70415e-12],
[-1.3440437126685077e-12, 0.23183190964512126, -6.264826223641926, 0.06375036516658925, 0.03810848157653792, 9.273503063172261e-05, -6.018769066655e-05, -1.2515953652991787e-07, 3.484183161e-08, 3.656843380236075e-11, -6.70415e-12],
[-1.3440437126685077e-12, 0.23248907978845917, -6.264826223641926, 0.06375036516658925, 0.03810848157653792, 9.273503063172261e-05, -6.018769066655e-05, -1.2515953652991787e-07, 3.484183161e-08, 3.656843380236075e-11, -6.70415e-12],
[-1.2368166160654912e-12, 0.24626354072414985, -6.264826223641926, 0.06375036516658925, 0.03810848157653792, 9.273503063172261e-05, -6.018769066655e-05, -1.2515953652991787e-07, 3.484183161e-08, 3.656843380236075e-11, -6.70415e-12],
[-1.2368166160654912e-12, 0.23183190964512126, -6.264826223641926, 0.06375036516658925, 0.03810848157653792, 9.273503063172261e-05, -6.018769066655e-05, -1.2515953652991787e-07, 3.484183161e-08, 3.656843380236075e-11, -6.70415e-12],
[-1.324020597619985e-12, 0.23183190964512126, -6.264826223641926, 0.06375036516658925, 0.03810848157653792, 9.273503063172261e-05, -6.018769066655e-05, -1.2515953652991787e-07, 3.484183161e-08, 3.656843380236075e-11, -6.70415e-12],
[-1.2368166160654912e-12, 0.23183190964512126, -6.264826223641926, 0.06375036516658925, 0.03810848157653792, 9.273503063172261e-05, -6.018769066655e-05, -1.2515953652991787e-07, 3.484183161e-08, 3.656843380236075e-11, -6.70415e-12],
[-1.3440437126685077e-12, 0.23183190964512126, -6.264826223641926, 0.06375036516658925, 0.03810848157653792, 9.273503063172261e-05, -6.018769066655e-05, -1.2515953652991787e-07, 3.484183161e-08, 3.656843380236075e-11, -6.70415e-12],
[-1.2526482647018107e-12, 0.23183190964512126, -6.264826223641926, 0.06375036516658925, 0.03810848157653792, 9.273503063172261e-05, -6.018769066655e-05, -1.2515953652991787e-07, 3.484183161e-08, 3.656843380236075e-11, -6.70415e-12],
[-1.3440437126685077e-12, 0.24626354072414985, -6.264826223641926, 0.06375036516658925, 0.03810848157653792, 9.273503063172261e-05, -6.018769066655e-05, -1.2515953652991787e-07, 3.484183161e-08, 3.656843380236075e-11, -6.70415e-12],
[-1.3440437126685077e-12, 0.24626354072414985, -6.264826223641926, 0.06375036516658925, 0.03810848157653792, 9.273503063172261e-05, -6.018769066655e-05, -1.2515953652991787e-07, 3.484183161e-08, 3.656843380236075e-11, -6.70415e-12],
[-1.2541543926929538e-12, 0.23183190964512126, -6.264826223641926, 0.06375036516658925, 0.03810848157653792, 9.273503063172261e-05, -6.018769066655e-05, -1.2515953652991787e-07, 3.484183161e-08, 3.656843380236075e-11, -6.70415e-12],
[-1.3440437126685077e-12, 0.23248907978845917, -6.264826223641926, 0.06375036516658925, 0.03810848157653792, 9.273503063172261e-05, -6.018769066655e-05, -1.2515953652991787e-07, 3.484183161e-08, 3.656843380236075e-11, -6.70415e-12],
[-1.175449270073006e-12, 0.23183190964512126, -6.264826223641926, 0.06375036516658925, 0.03810848157653792, 9.273503063172261e-05, -6.018769066655e-05, -1.2515953652991787e-07, 3.484183161e-08, 3.656843380236075e-11, -6.70415e-12],
[-1.3440437126685077e-12, 0.23183190964512126, -6.264826223641926, 0.06375036516658925, 0.03810848157653792, 9.273503063172261e-05, -6.018769066655e-05, -1.2515953652991787e-07, 3.484183161e-08, 3.656843380236075e-11, -6.70415e-12],[-1.307347959213418e-12, 0.18432401538026033, -6.264826223641926, 0.06614385717626464, 0.03810848157653792, 9.273503063172261e-05, -6.018769066655e-05, -1.2515953652991787e-07, 3.484183161e-08, 3.6516134035342065e-11, -6.70415e-12],[-1.286322115550725e-12, 0.18432401538026033, -6.264826223641926, 0.06614385717626464, 0.03810848157653792, 9.273503063172261e-05, -6.018769066655e-05, -1.2515953652991787e-07, 3.484183161e-08, 3.6516134035342065e-11, -6.70415e-12],[-1.3485160967505013e-12, 0.18432401538026033, -6.264826223641926, 0.06614385717626464, 0.03810848157653792, 9.273503063172261e-05, -6.018769066655e-05, -1.2515953652991787e-07, 3.484183161e-08, 3.6516134035342065e-11, -6.70415e-12],[-1.3219022324924181e-12, 0.18432401538026033, -6.264826223641926, 0.06614385717626464, 0.03810848157653792, 9.273503063172261e-05, -6.018769066655e-05, -1.2515953652991787e-07, 3.484183161e-08, 3.6516134035342065e-11, -6.70415e-12],[-1.307347959213418e-12, 0.18432401538026033, -6.264826223641926, 0.06614385717626464, 0.03810848157653792, 9.273503063172261e-05, -6.018769066655e-05, -1.2515953652991787e-07, 3.484183161e-08, 3.6516134035342065e-11, -6.70415e-12],[-1.3219022324924181e-12, 0.19651523379166747, -6.264826223641926, 0.06614385717626464, 0.03810848157653792, 9.273503063172261e-05, -6.018769066655e-05, -1.2489346270296232e-07, 3.484183161e-08, 3.6516134035342065e-11, -6.70415e-12],[-1.420421987886848e-12, 0.18432401538026033, -6.264826223641926, 0.06614385717626464, 0.03810848157653792, 9.273503063172261e-05, -6.018769066655e-05, -1.2515953652991787e-07, 3.484183161e-08, 3.6516134035342065e-11, -6.70415e-12],[-1.3219022324924181e-12, 0.17733706680383116, -6.264826223641926, 0.06614385717626464, 0.03810848157653792, 9.273503063172261e-05, -6.018769066655e-05, -1.2515953652991787e-07, 3.484183161e-08, 3.6516134035342065e-11, -6.70415e-12],[-1.415171056003173e-12, 0.18432401538026033, -6.264826223641926, 0.06614385717626464, 0.03810848157653792, 9.273503063172261e-05, -6.018769066655e-05, -1.2515953652991787e-07, 3.484183161e-08, 3.656843380236075e-11, -6.70415e-12],[-1.3219022324924181e-12, 0.18432401538026033, -6.264826223641926, 0.06614385717626464, 0.03810848157653792, 9.273503063172261e-05, -6.018769066655e-05, -1.2515953652991787e-07, 3.484183161e-08, 3.6516134035342065e-11, -6.70415e-12],[-1.3849166661123519e-12, 0.1839069885217217, -6.023091097484703, 0.06283944072343293, 0.03810848157653792, 9.273503063172261e-05, -6.313186262565509e-05, -1.2515953652991787e-07, 3.484183161e-08, 3.6516134035342065e-11, -6.70415e-12],[-1.3670801293780072e-12, 0.20608834995222933, -6.264826223641926, 0.06614385717626464, 0.03810848157653792, 9.273503063172261e-05, -6.018769066655e-05, -1.2515953652991787e-07, 3.484183161e-08, 3.656843380236075e-11, -6.70415e-12],[-1.3219022324924181e-12, 0.18432401538026033, -6.264826223641926, 0.06614385717626464, 0.03810848157653792, 9.273503063172261e-05, -6.018769066655e-05, -1.2515953652991787e-07, 3.484183161e-08, 3.6516134035342065e-11, -6.70415e-12],[-1.3219022324924181e-12, 0.20608834995222933, -6.264826223641926, 0.06614385717626464, 0.03810848157653792, 9.273503063172261e-05, -6.018769066655e-05, -1.2515953652991787e-07, 3.484183161e-08, 3.656843380236075e-11, -6.70415e-12],[-1.3219022324924181e-12, 0.18432401538026033, -6.264826223641926, 0.06614385717626464, 0.03810848157653792, 9.273503063172261e-05, -6.018769066655e-05, -1.2515953652991787e-07, 3.484183161e-08, 3.656843380236075e-11, -6.70415e-12],[-1.3219022324924181e-12, 0.18432401538026033, -6.264826223641926, 0.06614385717626464, 0.03810848157653792, 9.273503063172261e-05, -6.018769066655e-05, -1.2515953652991787e-07, 3.484183161e-08, 3.6516134035342065e-11, -6.70415e-12],[-1.307347959213418e-12, 0.20608834995222933, -6.264826223641926, 0.06614385717626464, 0.03810848157653792, 9.273503063172261e-05, -6.018769066655e-05, -1.2515953652991787e-07, 3.484183161e-08, 3.6516134035342065e-11, -6.70415e-12],[-1.307347959213418e-12, 0.20608834995222933, -6.264826223641926, 0.06614385717626464, 0.03810848157653792, 9.273503063172261e-05, -6.018769066655e-05, -1.2515953652991787e-07, 3.484183161e-08, 3.656843380236075e-11, -6.70415e-12],[-1.3219022324924181e-12, 0.18432401538026033, -6.264826223641926, 0.06614385717626464, 0.03810848157653792, 9.273503063172261e-05, -6.018769066655e-05, -1.2515953652991787e-07, 3.484183161e-08, 3.656843380236075e-11, -6.70415e-12],[-1.307347959213418e-12, 0.20608834995222933, -6.264826223641926, 0.06614385717626464, 0.03810848157653792, 9.273503063172261e-05, -6.018769066655e-05, -1.2515953652991787e-07, 3.484183161e-08, 3.656843380236075e-11, -6.70415e-12],[-1.3219022324924181e-12, 0.19651523379166747, -6.264826223641926, 0.0661815141457442, 0.03810848157653792, 9.273503063172261e-05, -6.018769066655e-05, -1.2515953652991787e-07, 3.484183161e-08, 3.6516134035342065e-11, -6.70415e-12],[-1.3812219192265608e-12, 0.18432401538026033, -6.264826223641926, 0.0661815141457442, 0.03810848157653792, 9.273503063172261e-05, -6.018769066655e-05, -1.2515953652991787e-07, 3.484183161e-08, 3.656843380236075e-11, -6.70415e-12],[-1.3812219192265608e-12, 0.18432401538026033, -6.264826223641926, 0.0661815141457442, 0.03810848157653792, 9.273503063172261e-05, -6.018769066655e-05, -1.2515953652991787e-07, 3.484183161e-08, 3.656843380236075e-11, -6.70415e-12],[-1.2399060918652466e-12, 0.21773073620143743, -6.264826223641926, 0.0661815141457442, 0.03810848157653792, 9.273503063172261e-05, -6.018769066655e-05, -1.2515953652991787e-07, 3.484183161e-08, 3.656843380236075e-11, -6.70415e-12],[-1.2258576431841576e-12, 0.18432401538026033, -6.264826223641926, 0.06463540174010828, 0.03810848157653792, 9.273503063172261e-05, -6.018769066655e-05, -1.2515953652991787e-07, 3.484183161e-08, 3.656843380236075e-11, -6.70415e-12],[-1.3219022324924181e-12, 0.18432401538026033, -6.264826223641926, 0.06614385717626464, 0.03810848157653792, 9.273503063172261e-05, -6.018769066655e-05, -1.2515953652991787e-07, 3.484183161e-08, 3.656843380236075e-11, -6.70415e-12],[-1.3219022324924181e-12, 0.18432401538026033, -6.264826223641926, 0.06614385717626464, 0.03810848157653792, 9.273503063172261e-05, -6.018769066655e-05, -1.2515953652991787e-07, 3.484183161e-08, 3.6516134035342065e-11, -6.70415e-12]]
