Generation:  47
[0.0, 0.25795947610907477, -7.988420814281073, 0.045289218824346195, 0.026607732589595534, 6.15007998385442e-05, -2.8604161735055496e-05, -5.8719251274069853e-08, 1.2500740687551935e-08, 1.4844102542794506e-11, -1.931344761547915e-12]
[360945.2443716623, 292623.3783623043]
653568.6227339667
68321.86600935803
[0.0, 0.25795947610907477, -8.186467622832497, 0.04190881396417635, 0.02951404363174599, 6.15007998385442e-05, -3.160803764936898e-05, -5.8719251274069853e-08, 1.3281864566057985e-08, 1.535813681352174e-11, -1.931344761547915e-12]
[407009.91901281825, 273224.2082380207]
680234.127250839
133785.71077479754
[0.0, 0.25795947610907477, -8.20032951898192, 0.04190881396417635, 0.02951404363174599, 6.15007998385442e-05, -3.160803764936898e-05, -5.8719251274069853e-08, 1.3281864566057985e-08, 1.6355410127589736e-11, -1.931344761547915e-12]
[637820.4156633815, 650337.0578723896]
1288157.473535771
12516.642209008103
[0.0, 0.2719666710167166, -7.611327130319939, 0.04190881396417635, 0.02660763569217829, 6.15007998385442e-05, -3.160803764936898e-05, -5.8719251274069853e-08, 1.3961906597748513e-08, 1.515043737497973e-11, -1.931344761547915e-12]
[2744361.0866612745, 3810701.2790647163]
6555062.36572599
1066340.1924034418
[0.0, 0.25795947610907477, -8.132059238764455, 0.046588428656049126, 0.026607732589595534, 6.742221385697796e-05, -2.8604161735055496e-05, -5.8719251274069853e-08, 1.2500740687551935e-08, 1.4844102542794506e-11, -2.0268721634361365e-12]
[5949902.8283673, 8248927.517138148]
14198830.345505448
2299024.6887708474
[0.0, 0.25795947610907477, -8.186467622832497, 0.03874954482850435, 0.02951404363174599, 6.128860071136631e-05, -3.160803764936898e-05, -5.8719251274069853e-08, 1.3281864566057985e-08, 1.535813681352174e-11, -2.121456728741472e-12]
[21203911.622004833, 28835470.230014764]
50039381.85201959
7631558.608009931
[0.0, 0.25795947610907477, -7.988420814281073, 0.045289218824346195, 0.02951404363174599, 5.760790123389465e-05, -2.8604161735055496e-05, -5.8719251274069853e-08, 1.3281864566057985e-08, 1.535813681352174e-11, -1.931344761547915e-12]
[246606095.77285925, 338295498.63107073]
584901594.40393
91689402.85821149
[0.0, 0.25795947610907477, -8.427265871507458, 0.04496349331398009, 0.026895652335129652, 6.15007998385442e-05, -2.593262394046425e-05, -5.8719251274069853e-08, 1.3961906597748513e-08, 1.4844102542794506e-11, -1.827257392233191e-12]
[1056904581.5737795, 1456282453.8994946]
2513187035.473274
399377872.3257152
Generation:  48
[0.0, 0.25795947610907477, -7.988420814281073, 0.045289218824346195, 0.026607732589595534, 6.15007998385442e-05, -2.8604161735055496e-05, -5.8719251274069853e-08, 1.2500740687551935e-08, 1.4844102542794506e-11, -1.931344761547915e-12]
[360945.2443716623, 292623.3783623043]
653568.6227339667
68321.86600935803
[0.0, 0.25795947610907477, -8.186467622832497, 0.04190881396417635, 0.02951404363174599, 6.15007998385442e-05, -3.160803764936898e-05, -5.8719251274069853e-08, 1.3281864566057985e-08, 1.535813681352174e-11, -1.931344761547915e-12]
[407009.91901281825, 273224.2082380207]
680234.127250839
133785.71077479754
[0.0, 0.25795947610907477, -8.257946702555818, 0.0406777490603985, 0.03198959956655264, 5.8976088197716375e-05, -3.284888471268565e-05, -5.429512395579061e-08, 1.3281864566057985e-08, 1.535813681352174e-11, -1.931344761547915e-12]
[1544272.2130292542, 2609677.6285443087]
4153949.841573563
1065405.4155150545
[0.0, 0.25795947610907477, -7.931437670698682, 0.0452149521211618, 0.02951404363174599, 6.15007998385442e-05, -3.160803764936898e-05, -5.581540326388518e-08, 1.3146429819430672e-08, 1.4844102542794506e-11, -1.7497588895331843e-12]
[11263220.609195953, 15055868.81702972]
26319089.426225673
3792648.207833767
[0.0, 0.2328856091578629, -8.186467622832497, 0.04289637926186537, 0.02951404363174599, 6.15007998385442e-05, -3.235684153715242e-05, -6.325691760346645e-08, 1.3281864566057985e-08, 1.535813681352174e-11, -1.931344761547915e-12]
[17704248.67966458, 23546424.02413533]
41250672.7037999
5842175.344470751
[0.0, 0.25795947610907477, -7.611327130319939, 0.04190881396417635, 0.025489897380485252, 6.15007998385442e-05, -3.160803764936898e-05, -5.8719251274069853e-08, 1.3281864566057985e-08, 1.550583184692807e-11, -2.002391386331074e-12]
[117452626.77063271, 160240890.48374295]
277693517.2543757
42788263.71311024
[0.0, 0.25795947610907477, -7.988420814281073, 0.0439257823773195, 0.02660763569217829, 6.15007998385442e-05, -2.8833943894123947e-05, -5.7381581530926114e-08, 1.3961906597748513e-08, 1.4844102542794506e-11, -1.931344761547915e-12]
[224858374.9207037, 309749939.9536234]
534608314.8743271
84891565.0329197
[0.0, 0.24191967565790332, -8.074423657239254, 0.04190881396417635, 0.02951404363174599, 6.15007998385442e-05, -2.8604161735055496e-05, -5.8719251274069853e-08, 1.4588201885320038e-08, 1.535813681352174e-11, -1.931344761547915e-12]
[899558464.3309838, 1234911553.249448]
2134470017.580432
335353088.9184643
Generation:  49
[0.0, 0.25795947610907477, -7.988420814281073, 0.045289218824346195, 0.026607732589595534, 6.15007998385442e-05, -2.8604161735055496e-05, -5.8719251274069853e-08, 1.2500740687551935e-08, 1.4844102542794506e-11, -1.931344761547915e-12]
[360945.2443716623, 292623.3783623043]
653568.6227339667
68321.86600935803
[0.0, 0.25795947610907477, -8.186467622832497, 0.04190881396417635, 0.02951404363174599, 6.15007998385442e-05, -3.160803764936898e-05, -5.8719251274069853e-08, 1.3281864566057985e-08, 1.535813681352174e-11, -1.931344761547915e-12]
[407009.91901281825, 273224.2082380207]
680234.127250839
133785.71077479754
[0.0, 0.25795947610907477, -8.257946702555818, 0.0452149521211618, 0.03229898342555273, 5.712262383207313e-05, -3.284888471268565e-05, -5.581540326388518e-08, 1.3146429819430672e-08, 1.535813681352174e-11, -1.8181095844068526e-12]
[3644075.0340760993, 4673164.154085705]
8317239.188161804
1029089.1200096058
[0.0, 0.2722094483512407, -7.931437670698682, 0.03708297751433221, 0.03198959956655264, 6.15007998385442e-05, -3.284888471268565e-05, -5.512092521085079e-08, 1.3146429819430672e-08, 1.535813681352174e-11, -1.931344761547915e-12]
[3777493.3359495946, 5788259.745501109]
9565753.081450704
2010766.4095515148
[0.0, 0.25795947610907477, -8.186467622832497, 0.04190881396417635, 0.02798319434122878, 5.617413536422029e-05, -3.228219718526159e-05, -5.581540326388518e-08, 1.3281864566057985e-08, 1.508331341302039e-11, -1.8120060892292542e-12]
[20100605.175710566, 27784814.156042866]
47885419.33175343
7684208.9803323
[0.0, 0.25795947610907477, -7.931437670698682, 0.0452149521211618, 0.026607732589595534, 6.15007998385442e-05, -2.8604161735055496e-05, -5.8719251274069853e-08, 1.3146429819430672e-08, 1.4844102542794506e-11, -1.931344761547915e-12]
[52075234.990345076, 72540710.36546376]
124615945.35580884
20465475.375118688
[0.0, 0.25795947610907477, -7.931437670698682, 0.04284313893536252, 0.02951404363174599, 6.15007998385442e-05, -3.160803764936898e-05, -5.8719251274069853e-08, 1.4143269981262066e-08, 1.5480630522067062e-11, -1.931344761547915e-12]
[96680341.14543705, 132678841.7137711]
229359182.85920817
35998500.56833406
[0.0, 0.25795947610907477, -7.931437670698682, 0.04526583426077587, 0.02951404363174599, 6.15007998385442e-05, -2.850461833683376e-05, -5.581540326388518e-08, 1.3146429819430672e-08, 1.4088008918405907e-11, -1.7497588895331843e-12]
[365997694.85159093, 506892143.0180907]
872889837.8696816
140894448.1664998
Generation:  50
[0.0, 0.25795947610907477, -7.988420814281073, 0.045289218824346195, 0.026607732589595534, 6.15007998385442e-05, -2.8604161735055496e-05, -5.8719251274069853e-08, 1.2500740687551935e-08, 1.4844102542794506e-11, -1.931344761547915e-12]
[360945.2443716623, 292623.3783623043]
653568.6227339667
68321.86600935803
[0.0, 0.25795947610907477, -8.186467622832497, 0.04190881396417635, 0.02951404363174599, 6.15007998385442e-05, -3.160803764936898e-05, -5.8719251274069853e-08, 1.3281864566057985e-08, 1.535813681352174e-11, -1.931344761547915e-12]
[407009.91901281825, 273224.2082380207]
680234.127250839
133785.71077479754
[0.0, 0.24060034062837052, -7.931437670698682, 0.038709431349222036, 0.03198959956655264, 5.712262383207313e-05, -3.284888471268565e-05, -5.581540326388518e-08, 1.3146429819430672e-08, 1.535813681352174e-11, -1.931344761547915e-12]
[4033667.8239136627, 4952427.456412746]
8986095.280326407
918759.632499083
[0.0, 0.25795947610907477, -8.186467622832497, 0.045289218824346195, 0.026607732589595534, 5.588085618859636e-05, -2.8976068863264668e-05, -5.8719251274069853e-08, 1.2500740687551935e-08, 1.3727299216137083e-11, -1.931344761547915e-12]
[7485468.509805614, 9209442.1441923]
16694910.653997915
1723973.6343866866
[0.0, 0.2608138275849672, -7.931437670698682, 0.03409720012010261, 0.032996325501581485, 6.15007998385442e-05, -3.284888471268565e-05, -5.512092521085079e-08, 1.3146429819430672e-08, 1.557436841070779e-11, -1.837345894795159e-12]
[12872215.077280782, 16678361.394278627]
29550576.47155941
3806146.3169978447
[0.0, 0.25795947610907477, -8.765127961737775, 0.042415091714945515, 0.026607732589595534, 6.15007998385442e-05, -2.8604161735055496e-05, -5.8719251274069853e-08, 1.373046043312142e-08, 1.4844102542794506e-11, -1.931344761547915e-12]
[160520831.2973074, 221867310.43465057]
382388141.731958
61346479.13734317
[0.0, 0.25795947610907477, -7.567198365680893, 0.045289218824346195, 0.024825588442994453, 6.670231130488237e-05, -2.8604161735055496e-05, -5.8719251274069853e-08, 1.1463214190938167e-08, 1.4203275969062635e-11, -1.9322206307812897e-12]
[232604968.8863524, 313446666.6168953]
546051635.5032477
80841697.73054293
[0.0, 0.25795947610907477, -8.023406829954617, 0.045289218824346195, 0.03229898342555273, 5.712262383207313e-05, -2.8604161735055496e-05, -5.581540326388518e-08, 1.3146429819430672e-08, 1.4886618396148346e-11, -1.8181095844068526e-12]
[563035116.1811311, 772992415.5204916]
1336027531.7016227
209957299.33936048
Generation:  51
[0.0, 0.25795947610907477, -7.988420814281073, 0.045289218824346195, 0.026607732589595534, 6.15007998385442e-05, -2.8604161735055496e-05, -5.8719251274069853e-08, 1.2500740687551935e-08, 1.4844102542794506e-11, -1.931344761547915e-12]
[360945.2443716623, 292623.3783623043]
653568.6227339667
68321.86600935803
[0.0, 0.25795947610907477, -8.186467622832497, 0.04190881396417635, 0.02951404363174599, 6.15007998385442e-05, -3.160803764936898e-05, -5.8719251274069853e-08, 1.3281864566057985e-08, 1.535813681352174e-11, -1.931344761547915e-12]
[407009.91901281825, 273224.2082380207]
680234.127250839
133785.71077479754
[0.0, 0.25285729040492805, -8.764713303627682, 0.047904298481506465, 0.026607732589595534, 5.895452777974265e-05, -2.8976068863264668e-05, -6.065575627947427e-08, 1.2500740687551935e-08, 1.3727299216137083e-11, -1.931344761547915e-12]
[11203270.653219353, 14021951.84868294]
25225222.501902293
2818681.1954635866
[0.0, 0.25795947610907477, -8.360657983928265, 0.04190881396417635, 0.026607732589595534, 6.15007998385442e-05, -2.8604161735055496e-05, -5.5641704084940174e-08, 1.2500740687551935e-08, 1.4844102542794506e-11, -1.7712507869196965e-12]
[13111124.901105583, 17317394.390089598]
30428519.29119518
4206269.488984015
[0.0, 0.24060034062837052, -7.931437670698682, 0.045289218824346195, 0.024114708536572865, 6.633617504244095e-05, -2.8604161735055496e-05, -5.581540326388518e-08, 1.2468023676230592e-08, 1.5928437500309885e-11, -1.931344761547915e-12]
[40783608.13862029, 52326304.376996994]
93109912.51561728
11542696.238376707
[0.0, 0.24060034062837052, -7.931437670698682, 0.045289218824346195, 0.03198959956655264, 5.588085618859636e-05, -2.8976068863264668e-05, -6.378399287252956e-08, 1.2500740687551935e-08, 1.3727299216137083e-11, -1.741790452921136e-12]
[245155019.95728773, 334014331.0098077]
579169350.9670954
88859311.05251998
[0.0, 0.24622361731888276, -7.988420814281073, 0.038709431349222036, 0.02902205183211441, 6.0280743178911496e-05, -3.284888471268565e-05, -5.581540326388518e-08, 1.2500740687551935e-08, 1.4844102542794506e-11, -2.118088469579449e-12]
[413843299.2830807, 569038429.3044562]
982881728.5875369
155195130.02137554
[0.0, 0.221314041129773, -7.460736516101367, 0.038709431349222036, 0.030580085415644925, 5.758638166483323e-05, -2.8675424691792942e-05, -5.8719251274069853e-08, 1.4300696169459402e-08, 1.535813681352174e-11, -1.931344761547915e-12]
[882353277.0452734, 1205854703.6412344]
2088207980.6865077
323501426.595961
Generation:  52
[0.0, 0.25795947610907477, -7.988420814281073, 0.045289218824346195, 0.026607732589595534, 6.15007998385442e-05, -2.8604161735055496e-05, -5.8719251274069853e-08, 1.2500740687551935e-08, 1.4844102542794506e-11, -1.931344761547915e-12]
[360945.2443716623, 292623.3783623043]
653568.6227339667
68321.86600935803
[0.0, 0.25795947610907477, -8.186467622832497, 0.04190881396417635, 0.02951404363174599, 6.15007998385442e-05, -3.160803764936898e-05, -5.8719251274069853e-08, 1.3281864566057985e-08, 1.535813681352174e-11, -1.931344761547915e-12]
[407009.91901281825, 273224.2082380207]
680234.127250839
133785.71077479754
[0.0, 0.25795947610907477, -8.04173857016843, 0.045289218824346195, 0.02951404363174599, 6.526412069449277e-05, -3.160803764936898e-05, -5.8719251274069853e-08, 1.3281864566057985e-08, 1.4844102542794506e-11, -1.931344761547915e-12]
[567157.7954963231, 655224.5192288122]
1222382.3147251355
88066.72373248904
[0.0, 0.25795947610907477, -7.988420814281073, 0.045289218824346195, 0.026607732589595534, 5.7214524517828745e-05, -2.8604161735055496e-05, -5.8719251274069853e-08, 1.2500740687551935e-08, 1.480184914978775e-11, -1.9918945108315837e-12]
[3052341.062595998, 3372104.4949811967]
6424445.557577195
319763.4323851988
[0.0, 0.24566097126658065, -8.764713303627682, 0.047904298481506465, 0.026607732589595534, 5.895452777974265e-05, -2.8604161735055496e-05, -6.065575627947427e-08, 1.2500740687551935e-08, 1.3727299216137083e-11, -2.0908120179358158e-12]
[26183450.865863487, 32479419.571227472]
58662870.43709096
6295968.705363985
[0.0, 0.25795947610907477, -8.360657983928265, 0.04190881396417635, 0.02756354153432628, 5.570590757426597e-05, -2.8604161735055496e-05, -5.5641704084940174e-08, 1.2500740687551935e-08, 1.4844102542794506e-11, -1.7712507869196965e-12]
[32952929.56173115, 44879143.57885204]
77832073.14058319
11926214.017120894
[0.0, 0.25795947610907477, -8.186467622832497, 0.03929475996531502, 0.03036445009086159, 6.15007998385442e-05, -3.160803764936898e-05, -5.8719251274069853e-08, 1.3281864566057985e-08, 1.4844102542794506e-11, -1.7712507869196965e-12]
[34212730.77529448, 47304193.548450306]
81516924.32374479
13091462.773155823
[0.0, 0.25285729040492805, -8.186467622832497, 0.04190881396417635, 0.02951404363174599, 5.895452777974265e-05, -2.8976068863264668e-05, -5.296443618638514e-08, 1.2761527360038253e-08, 1.4509427627342437e-11, -1.931344761547915e-12]
[64720612.76810298, 89960135.09891823]
154680747.8670212
25239522.33081525
Generation:  53
[0.0, 0.25795947610907477, -7.988420814281073, 0.045289218824346195, 0.026607732589595534, 6.15007998385442e-05, -2.8604161735055496e-05, -5.8719251274069853e-08, 1.2500740687551935e-08, 1.4844102542794506e-11, -1.931344761547915e-12]
[360945.2443716623, 292623.3783623043]
653568.6227339667
68321.86600935803
[0.0, 0.25795947610907477, -8.186467622832497, 0.04190881396417635, 0.02951404363174599, 6.15007998385442e-05, -3.160803764936898e-05, -5.8719251274069853e-08, 1.3281864566057985e-08, 1.535813681352174e-11, -1.931344761547915e-12]
[407009.91901281825, 273224.2082380207]
680234.127250839
133785.71077479754
[0.0, 0.25795947610907477, -8.050623977422122, 0.0443522241023781, 0.026607732589595534, 5.7214524517828745e-05, -2.8604161735055496e-05, -5.8719251274069853e-08, 1.2500740687551935e-08, 1.4027197131505775e-11, -1.9918945108315837e-12]
[4319008.09078945, 4564147.746580593]
8883155.837370044
245139.65579114296
[0.0, 0.25795947610907477, -8.186467622832497, 0.045289218824346195, 0.0316980572353124, 6.15007998385442e-05, -3.2027496605619376e-05, -5.373588840487806e-08, 1.3281864566057985e-08, 1.3504148425934124e-11, -1.931344761547915e-12]
[11590823.351225734, 17227182.886141177]
28818006.23736691
5636359.5349154435
[0.0, 0.25795947610907477, -8.74494874590978, 0.045289218824346195, 0.02951404363174599, 6.283212863815099e-05, -3.075656390072525e-05, -5.8719251274069853e-08, 1.2500740687551935e-08, 1.480184914978775e-11, -1.931344761547915e-12]
[24199768.4154197, 32097632.40921255]
56297400.82463225
7897863.993792847
[0.0, 0.25795947610907477, -7.988420814281073, 0.045289218824346195, 0.024158637368824433, 6.15007998385442e-05, -2.8604161735055496e-05, -5.8719251274069853e-08, 1.2886186878176211e-08, 1.4844102542794506e-11, -2.094973884378653e-12]
[31967102.615268458, 42105810.25696806]
74072912.87223652
10138707.641699601
[0.0, 0.25795947610907477, -8.756088093743237, 0.04815232389319658, 0.02951404363174599, 6.526412069449277e-05, -2.8604161735055496e-05, -5.8719251274069853e-08, 1.2762993044526392e-08, 1.6117061749667425e-11, -1.931344761547915e-12]
[88185228.36249366, 124229689.75166726]
212414918.11416093
36044461.3891736
[0.0, 0.25795947610907477, -8.04173857016843, 0.045289218824346195, 0.026607732589595534, 5.561388822082385e-05, -3.160803764936898e-05, -5.8719251274069853e-08, 1.2436983072146005e-08, 1.3475543761696589e-11, -1.931344761547915e-12]
[273556190.6990392, 370674289.327819]
644230480.0268582
97118098.62877977
Generation:  54
[0.0, 0.25795947610907477, -7.988420814281073, 0.045289218824346195, 0.026607732589595534, 6.15007998385442e-05, -2.8604161735055496e-05, -5.8719251274069853e-08, 1.2500740687551935e-08, 1.4844102542794506e-11, -1.931344761547915e-12]
[360945.2443716623, 292623.3783623043]
653568.6227339667
68321.86600935803
[0.0, 0.25795947610907477, -8.186467622832497, 0.04190881396417635, 0.02951404363174599, 6.15007998385442e-05, -3.160803764936898e-05, -5.8719251274069853e-08, 1.3281864566057985e-08, 1.535813681352174e-11, -1.931344761547915e-12]
[407009.91901281825, 273224.2082380207]
680234.127250839
133785.71077479754
[0.0, 0.25795947610907477, -7.57980844211369, 0.03862504666941158, 0.026607732589595534, 5.864221097932102e-05, -2.8604161735055496e-05, -5.328185923814421e-08, 1.2500740687551935e-08, 1.4027197131505775e-11, -1.9918945108315837e-12]
[1225048.7828295797, 1758020.6992175605]
2983069.48204714
532971.9163879808
[0.0, 0.25795947610907477, -8.186467622832497, 0.041382562936063946, 0.02841540177508686, 6.15007998385442e-05, -2.924718837598505e-05, -6.010033900857584e-08, 1.2500740687551935e-08, 1.4844102542794506e-11, -1.931344761547915e-12]
[1859158.4808035488, 1648337.7117925182]
3507496.1925960667
210820.76901103067
[0.0, 0.25795947610907477, -8.186467622832497, 0.04190881396417635, 0.026607732589595534, 6.49397481945574e-05, -2.9207539015568873e-05, -5.8719251274069853e-08, 1.3281864566057985e-08, 1.535813681352174e-11, -2.0890707597238196e-12]
[3191487.8713931935, 4290604.198214896]
7482092.0696080895
1099116.3268217025
[0.0, 0.25795947610907477, -8.050623977422122, 0.0443522241023781, 0.026607732589595534, 5.7214524517828745e-05, -2.8604161735055496e-05, -5.8719251274069853e-08, 1.2395133744843296e-08, 1.4027197131505775e-11, -2.1040045687810717e-12]
[31987430.88684268, 40921675.08834514]
72909105.97518782
8934244.201502461
[0.0, 0.25795947610907477, -8.186467622832497, 0.045289218824346195, 0.026607732589595534, 6.15007998385442e-05, -2.8604161735055496e-05, -5.373588840487806e-08, 1.3281864566057985e-08, 1.3504148425934124e-11, -1.931344761547915e-12]
[72422277.76001808, 101014911.99034183]
173437189.7503599
28592634.230323747
[0.0, 0.25795947610907477, -8.711920953014882, 0.041592482814871955, 0.02951404363174599, 5.302979452688417e-05, -2.8604161735055496e-05, -5.8719251274069853e-08, 1.3281864566057985e-08, 1.4027197131505775e-11, -1.931344761547915e-12]
[216033713.0939167, 296006125.65125364]
512039838.74517035
79972412.55733693
Generation:  55
[0.0, 0.25795947610907477, -7.988420814281073, 0.045289218824346195, 0.026607732589595534, 6.15007998385442e-05, -2.8604161735055496e-05, -5.8719251274069853e-08, 1.2500740687551935e-08, 1.4844102542794506e-11, -1.931344761547915e-12]
[360945.2443716623, 292623.3783623043]
653568.6227339667
68321.86600935803
[0.0, 0.25795947610907477, -8.186467622832497, 0.04190881396417635, 0.02951404363174599, 6.15007998385442e-05, -3.160803764936898e-05, -5.8719251274069853e-08, 1.3281864566057985e-08, 1.535813681352174e-11, -1.931344761547915e-12]
[407009.91901281825, 273224.2082380207]
680234.127250839
133785.71077479754
[0.0, 0.25795947610907477, -8.34979345319159, 0.03862504666941158, 0.026607732589595534, 5.864221097932102e-05, -2.8604161735055496e-05, -5.021811643173836e-08, 1.2500740687551935e-08, 1.4844102542794506e-11, -1.931344761547915e-12]
[1876583.0135161108, 2677001.5670969374]
4553584.580613049
800418.5535808266
[0.0, 0.25795947610907477, -8.186467622832497, 0.041382562936063946, 0.02841540177508686, 6.15007998385442e-05, -3.160803764936898e-05, -5.8719251274069853e-08, 1.3281864566057985e-08, 1.535813681352174e-11, -1.931344761547915e-12]
[7536703.475618618, 9989385.960277801]
17526089.43589642
2452682.484659184
[0.0, 0.27674004272414165, -7.988420814281073, 0.04190881396417635, 0.026607732589595534, 6.15007998385442e-05, -2.8604161735055496e-05, -5.8719251274069853e-08, 1.2500740687551935e-08, 1.535813681352174e-11, -1.8098901237860898e-12]
[8952832.58360263, 12139722.142245062]
21092554.72584769
3186889.558642432
[0.0, 0.25795947610907477, -7.368886031366498, 0.03862504666941158, 0.026607732589595534, 5.864221097932102e-05, -3.0308422466408243e-05, -5.328185923814421e-08, 1.2500740687551935e-08, 1.4844102542794506e-11, -1.931344761547915e-12]
[62850665.11264451, 87081104.63540377]
149931769.74804828
24230439.52275926
[0.0, 0.26143147885134166, -7.839886346016593, 0.04190881396417635, 0.029362247624347096, 5.864221097932102e-05, -3.160803764936898e-05, -5.328185923814421e-08, 1.2500740687551935e-08, 1.2960682316656123e-11, -1.931344761547915e-12]
[75077156.64005855, 100308287.20408048]
175385443.84413904
25231130.56402193
[0.0, 0.25795947610907477, -7.57980844211369, 0.03862504666941158, 0.02841540177508686, 5.864221097932102e-05, -2.9146132050031054e-05, -6.010033900857584e-08, 1.3680972979840583e-08, 1.4027197131505775e-11, -1.931344761547915e-12]
[222891044.5149354, 307774701.8989785]
530665746.41391385
84883657.38404307
Generation:  56
[0.0, 0.25795947610907477, -7.988420814281073, 0.045289218824346195, 0.026607732589595534, 6.15007998385442e-05, -2.8604161735055496e-05, -5.8719251274069853e-08, 1.2500740687551935e-08, 1.4844102542794506e-11, -1.931344761547915e-12]
[360945.2443716623, 292623.3783623043]
653568.6227339667
68321.86600935803
[0.0, 0.25795947610907477, -8.186467622832497, 0.04190881396417635, 0.02951404363174599, 6.15007998385442e-05, -3.160803764936898e-05, -5.8719251274069853e-08, 1.3281864566057985e-08, 1.535813681352174e-11, -1.931344761547915e-12]
[407009.91901281825, 273224.2082380207]
680234.127250839
133785.71077479754
[0.0, 0.2830026055840119, -7.988420814281073, 0.03486334782731458, 0.02826071953607482, 6.083395785651267e-05, -2.8604161735055496e-05, -5.8719251274069853e-08, 1.2500740687551935e-08, 1.4844102542794506e-11, -2.0444261462114698e-12]
[3953320.3991280226, 3366142.385286863]
7319462.784414886
587178.0138411596
[0.0, 0.25795947610907477, -8.186467622832497, 0.04397545284954432, 0.02841540177508686, 6.125018619473634e-05, -3.075541613943532e-05, -5.8719251274069853e-08, 1.3281864566057985e-08, 1.6124387041999505e-11, -1.931344761547915e-12]
[3950874.0102803432, 4897371.4227665365]
8848245.43304688
946497.4124861932
[0.0, 0.25795947610907477, -8.91826604869247, 0.03862504666941158, 0.026146981076304927, 6.174668975106796e-05, -3.160803764936898e-05, -5.021811643173836e-08, 1.4006824628681786e-08, 1.3862278796454857e-11, -1.893419190236637e-12]
[6709710.714908918, 3120993.6177108134]
9830704.332619732
3588717.097198105
[0.0, 0.25795947610907477, -7.7353813942673, 0.04190881396417635, 0.02841540177508686, 6.15007998385442e-05, -3.160803764936898e-05, -6.118372539232152e-08, 1.3281864566057985e-08, 1.535813681352174e-11, -1.931344761547915e-12]
[5703561.070896728, 7613968.832589455]
13317529.903486183
1910407.761692727
[0.0, 0.2620401027346393, -8.186467622832497, 0.04185800203841358, 0.02690394131762126, 6.15007998385442e-05, -3.160803764936898e-05, -5.8719251274069853e-08, 1.3281864566057985e-08, 1.535813681352174e-11, -1.931344761547915e-12]
[41313458.48631726, 55920681.001523115]
97234139.48784038
14607222.515205853
[0.0, 0.25795947610907477, -8.34979345319159, 0.0359981325784294, 0.02951404363174599, 6.502520171205574e-05, -3.160803764936898e-05, -5.021811643173836e-08, 1.2500740687551935e-08, 1.535813681352174e-11, -2.0778198007891768e-12]
[144306664.9643851, 206104325.5439378]
350410990.5083229
61797660.57955271
Generation:  57
[0.0, 0.25795947610907477, -7.988420814281073, 0.045289218824346195, 0.026607732589595534, 6.15007998385442e-05, -2.8604161735055496e-05, -5.8719251274069853e-08, 1.2500740687551935e-08, 1.4844102542794506e-11, -1.931344761547915e-12]
[360945.2443716623, 292623.3783623043]
653568.6227339667
68321.86600935803
[0.0, 0.25795947610907477, -8.186467622832497, 0.04190881396417635, 0.02951404363174599, 6.15007998385442e-05, -3.160803764936898e-05, -5.8719251274069853e-08, 1.3281864566057985e-08, 1.535813681352174e-11, -1.931344761547915e-12]
[407009.91901281825, 273224.2082380207]
680234.127250839
133785.71077479754
[0.0, 0.25795947610907477, -8.186467622832497, 0.045289218824346195, 0.026607732589595534, 5.907709349284309e-05, -2.8604161735055496e-05, -5.8719251274069853e-08, 1.2500740687551935e-08, 1.4273752571498579e-11, -1.931344761547915e-12]
[890006.4295927215, 757179.825115745]
1647186.2547084666
132826.60447697656
[0.0, 0.2830026055840119, -7.988420814281073, 0.037355667490073796, 0.02826071953607482, 6.083395785651267e-05, -2.8604161735055496e-05, -5.8719251274069853e-08, 1.2500740687551935e-08, 1.5751749830907787e-11, -2.0444261462114698e-12]
[3426809.2012994043, 4144942.7229832374]
7571751.924282642
718133.5216838331
[0.0, 0.2736962981614125, -8.591362471600595, 0.03486334782731458, 0.02951404363174599, 5.543739558486091e-05, -2.9488392520055833e-05, -5.581587930523315e-08, 1.2042061067752219e-08, 1.4844102542794506e-11, -1.855869297503037e-12]
[4071758.2579579563, 4081845.825328217]
8153604.083286174
10087.5673702606
[0.0, 0.2830026055840119, -7.988420814281073, 0.04397545284954432, 0.02826071953607482, 6.083395785651267e-05, -2.8604161735055496e-05, -5.8719251274069853e-08, 1.2500740687551935e-08, 1.6124387041999505e-11, -1.929535980942422e-12]
[18470606.311825305, 25768916.98547882]
44239523.29730412
7298310.673653513
[0.0, 0.2830026055840119, -8.486521630564296, 0.03647482832041456, 0.02826071953607482, 6.083395785651267e-05, -2.8604161735055496e-05, -5.8466806784096944e-08, 1.2500740687551935e-08, 1.4549531520282209e-11, -1.784330123234215e-12]
[47771114.23122145, 65474105.023779824]
113245219.25500128
17702990.792558372
[0.0, 0.25795947610907477, -7.988420814281073, 0.043272106031277985, 0.02759934991288273, 6.15007998385442e-05, -3.190809225068658e-05, -5.8719251274069853e-08, 1.2500740687551935e-08, 1.535813681352174e-11, -2.036039877425113e-12]
[290043227.8154093, 396762572.134146]
686805799.9495553
106719344.31873667
Generation:  58
[0.0, 0.25795947610907477, -7.988420814281073, 0.045289218824346195, 0.026607732589595534, 6.15007998385442e-05, -2.8604161735055496e-05, -5.8719251274069853e-08, 1.2500740687551935e-08, 1.4844102542794506e-11, -1.931344761547915e-12]
[360945.2443716623, 292623.3783623043]
653568.6227339667
68321.86600935803
[0.0, 0.25795947610907477, -8.186467622832497, 0.04190881396417635, 0.02951404363174599, 6.15007998385442e-05, -3.160803764936898e-05, -5.8719251274069853e-08, 1.3281864566057985e-08, 1.535813681352174e-11, -1.931344761547915e-12]
[407009.91901281825, 273224.2082380207]
680234.127250839
133785.71077479754
[0.0, 0.25795947610907477, -8.91139456891882, 0.045289218824346195, 0.026607732589595534, 6.525921296341335e-05, -2.8604161735055496e-05, -5.8719251274069853e-08, 1.2500740687551935e-08, 1.4273752571498579e-11, -1.931344761547915e-12]
[1699521.7055915773, 1531322.77542089]
3230844.4810124673
168198.93017068738
[0.0, 0.2830026055840119, -7.988420814281073, 0.037355667490073796, 0.02826071953607482, 6.083395785651267e-05, -2.9518629521093756e-05, -5.8719251274069853e-08, 1.2500740687551935e-08, 1.3821854274906759e-11, -1.8968301221517346e-12]
[2007455.544114815, 1363402.5597616646]
3370858.10387648
644052.9843531505
[0.0, 0.2830026055840119, -7.594666944083894, 0.037355667490073796, 0.026607732589595534, 6.083395785651267e-05, -2.8604161735055496e-05, -5.8719251274069853e-08, 1.2500740687551935e-08, 1.5751749830907787e-11, -2.0444261462114698e-12]
[5352190.188196525, 7428817.214064695]
12781007.40226122
2076627.02586817
[0.0, 0.25795947610907477, -8.186467622832497, 0.045289218824346195, 0.026607732589595534, 5.907709349284309e-05, -2.9798890777344033e-05, -5.8719251274069853e-08, 1.3281864566057985e-08, 1.4595056171874495e-11, -1.931344761547915e-12]
[5558410.362970189, 8250681.904292226]
13809092.267262414
2692271.5413220366
[0.0, 0.25852084710014817, -8.571325375498786, 0.045289218824346195, 0.026607732589595534, 6.15007998385442e-05, -2.7951049194272517e-05, -5.8719251274069853e-08, 1.2500740687551935e-08, 1.4844102542794506e-11, -1.931344761547915e-12]
[7691965.772709111, 10868207.829832694]
18560173.602541804
3176242.057123583
[0.0, 0.25795947610907477, -7.988420814281073, 0.045289218824346195, 0.026607732589595534, 5.907709349284309e-05, -2.8604161735055496e-05, -5.8719251274069853e-08, 1.1763494813639748e-08, 1.4273752571498579e-11, -1.931344761547915e-12]
[68366764.67379387, 90868900.69744977]
159235665.37124366
22502136.023655906
Generation:  59
[0.0, 0.25795947610907477, -7.988420814281073, 0.045289218824346195, 0.026607732589595534, 6.15007998385442e-05, -2.8604161735055496e-05, -5.8719251274069853e-08, 1.2500740687551935e-08, 1.4844102542794506e-11, -1.931344761547915e-12]
[360945.2443716623, 292623.3783623043]
653568.6227339667
68321.86600935803
[0.0, 0.25795947610907477, -8.186467622832497, 0.04190881396417635, 0.02951404363174599, 6.15007998385442e-05, -3.160803764936898e-05, -5.8719251274069853e-08, 1.3281864566057985e-08, 1.535813681352174e-11, -1.931344761547915e-12]
[407009.91901281825, 273224.2082380207]
680234.127250839
133785.71077479754
[0.0, 0.25795947610907477, -8.33781540498261, 0.037355667490073796, 0.02826071953607482, 6.083395785651267e-05, -2.9518629521093756e-05, -5.8022346945768255e-08, 1.2500740687551935e-08, 1.4273752571498579e-11, -1.931344761547915e-12]
[2548868.5512363627, 2430731.2926009484]
4979599.8438373115
118137.2586354143
[0.0, 0.2830026055840119, -7.988420814281073, 0.037355667490073796, 0.02826071953607482, 5.800377894807399e-05, -2.9518629521093756e-05, -5.8719251274069853e-08, 1.2500740687551935e-08, 1.3090336159908779e-11, -1.8968301221517346e-12]
[4128794.1271092044, 3511387.2258643457]
7640181.352973551
617406.9012448587
[0.0, 0.25795947610907477, -8.186467622832497, 0.04190881396417635, 0.026607732589595534, 6.189052839228517e-05, -3.160803764936898e-05, -6.441798756433055e-08, 1.3699690562501753e-08, 1.535813681352174e-11, -1.931344761547915e-12]
[10072111.488214277, 16565080.977397773]
26637192.46561205
6492969.489183497
[0.0, 0.25552302204391025, -8.186467622832497, 0.037355667490073796, 0.02951404363174599, 6.15007998385442e-05, -3.0285396201938786e-05, -5.8719251274069853e-08, 1.2500740687551935e-08, 1.3821854274906759e-11, -1.984553143215976e-12]
[13213534.623931533, 15034229.208813792]
28247763.832745325
1820694.5848822594
[0.0, 0.25795947610907477, -8.91139456891882, 0.045289218824346195, 0.02951404363174599, 6.465694499587925e-05, -3.160803764936898e-05, -5.728003178023577e-08, 1.3675100929694398e-08, 1.4493169675024898e-11, -1.931344761547915e-12]
[13438693.581091097, 18576256.292553715]
32014949.873644814
5137562.711462619
[0.0, 0.25795947610907477, -8.91139456891882, 0.045289218824346195, 0.024970513228083184, 6.525921296341335e-05, -2.8604161735055496e-05, -5.4570278866310525e-08, 1.2500740687551935e-08, 1.535813681352174e-11, -1.931344761547915e-12]
[26987943.02902038, 33118032.133552246]
60105975.16257262
6130089.104531866
Generation:  60
[0.0, 0.25795947610907477, -7.988420814281073, 0.045289218824346195, 0.026607732589595534, 6.15007998385442e-05, -2.8604161735055496e-05, -5.8719251274069853e-08, 1.2500740687551935e-08, 1.4844102542794506e-11, -1.931344761547915e-12]
[360945.2443716623, 292623.3783623043]
653568.6227339667
68321.86600935803
[0.0, 0.25795947610907477, -8.186467622832497, 0.04190881396417635, 0.02951404363174599, 6.15007998385442e-05, -3.160803764936898e-05, -5.8719251274069853e-08, 1.3281864566057985e-08, 1.535813681352174e-11, -1.931344761547915e-12]
[407009.91901281825, 273224.2082380207]
680234.127250839
133785.71077479754
[0.0, 0.28160765779074637, -8.33781540498261, 0.045289218824346195, 0.02826071953607482, 5.566584085830477e-05, -2.9518629521093756e-05, -5.8022346945768255e-08, 1.2500740687551935e-08, 1.5364924026870805e-11, -1.931344761547915e-12]
[1878499.6255504503, 2068389.8320932444]
3946889.4576436947
189890.20654279413
[0.0, 0.25795947610907477, -8.33781540498261, 0.037355667490073796, 0.02826071953607482, 6.083395785651267e-05, -2.9518629521093756e-05, -5.8022346945768255e-08, 1.2500740687551935e-08, 1.4273752571498579e-11, -1.931344761547915e-12]
[2548868.5512363627, 2430731.2926009484]
4979599.8438373115
118137.2586354143
[0.0, 0.25795947610907477, -8.33781540498261, 0.03561869020339496, 0.02826071953607482, 6.083395785651267e-05, -2.9518629521093756e-05, -5.8022346945768255e-08, 1.2500740687551935e-08, 1.3137693098260816e-11, -1.8968301221517346e-12]
[2782124.2432533777, 2381696.5071316552]
5163820.750385033
400427.7361217225
[0.0, 0.2774789854706675, -8.186467622832497, 0.037355667490073796, 0.030407517814567228, 6.083395785651267e-05, -3.160803764936898e-05, -5.75788515873188e-08, 1.3281864566057985e-08, 1.4273752571498579e-11, -1.931344761547915e-12]
[5476724.077833911, 6782689.333798203]
12259413.411632113
1305965.2559642913
[0.0, 0.2830026055840119, -7.547662253176098, 0.045289218824346195, 0.026607732589595534, 5.800377894807399e-05, -2.8604161735055496e-05, -6.168863571464694e-08, 1.3683781399535545e-08, 1.3090336159908779e-11, -1.931344761547915e-12]
[177474700.9795719, 251959998.38044795]
429434699.36001986
74485297.40087605
[0.0, 0.2470661887900592, -8.186467622832497, 0.039846117358819495, 0.026607732589595534, 6.588164754985449e-05, -3.160803764936898e-05, -5.8719251274069853e-08, 1.2500740687551935e-08, 1.535813681352174e-11, -1.931344761547915e-12]
[243891715.87408367, 332610679.80976135]
576502395.683845
88718963.93567768
Generation:  61
[0.0, 0.25795947610907477, -7.988420814281073, 0.045289218824346195, 0.026607732589595534, 6.15007998385442e-05, -2.8604161735055496e-05, -5.8719251274069853e-08, 1.2500740687551935e-08, 1.4844102542794506e-11, -1.931344761547915e-12]
[360945.2443716623, 292623.3783623043]
653568.6227339667
68321.86600935803
[0.0, 0.25795947610907477, -8.186467622832497, 0.04190881396417635, 0.02951404363174599, 6.15007998385442e-05, -3.160803764936898e-05, -5.8719251274069853e-08, 1.3281864566057985e-08, 1.535813681352174e-11, -1.931344761547915e-12]
[407009.91901281825, 273224.2082380207]
680234.127250839
133785.71077479754
[0.0, 0.25795947610907477, -8.417945453760643, 0.04190881396417635, 0.02951404363174599, 6.15007998385442e-05, -3.160803764936898e-05, -5.8719251274069853e-08, 1.3281864566057985e-08, 1.535813681352174e-11, -1.931344761547915e-12]
[451508.6935153905, 326648.1297914736]
778156.8233068641
124860.56372391689
[0.0, 0.27282786693412664, -7.988420814281073, 0.04135070909538919, 0.02826071953607482, 5.672299816072539e-05, -2.9518629521093756e-05, -5.8022346945768255e-08, 1.2500740687551935e-08, 1.5637712135093087e-11, -1.931344761547915e-12]
[1257556.8928858456, 1201851.639004975]
2459408.5318908207
55705.25388087053
[0.0, 0.25795947610907477, -8.33781540498261, 0.04190881396417635, 0.03080133417110787, 5.930958547136822e-05, -3.018916808795604e-05, -5.8022346945768255e-08, 1.2500740687551935e-08, 1.535813681352174e-11, -1.931344761547915e-12]
[4923038.780491168, 6099583.207377075]
11022621.987868242
1176544.4268859075
[0.0, 0.28160765779074637, -8.33781540498261, 0.045289218824346195, 0.027380567864346138, 6.119457929431806e-05, -2.9518629521093756e-05, -5.2852967737565086e-08, 1.2500740687551935e-08, 1.6875292063535785e-11, -1.745867038662184e-12]
[8944728.40906791, 9149183.385907656]
18093911.794975564
204454.97683974542
[0.0, 0.28160765779074637, -8.186467622832497, 0.045289218824346195, 0.02951404363174599, 6.15007998385442e-05, -3.160803764936898e-05, -5.693409606834122e-08, 1.2500740687551935e-08, 1.535813681352174e-11, -1.766555207798994e-12]
[21745007.059652604, 29103818.425284415]
50848825.48493702
7358811.365631811
[0.0, 0.25795947610907477, -8.186467622832497, 0.04190881396417635, 0.02951404363174599, 6.15007998385442e-05, -2.8161304840338787e-05, -5.8719251274069853e-08, 1.3281864566057985e-08, 1.6216744556060348e-11, -1.7848982461550939e-12]
[455251185.46793336, 622489839.5918486]
1077741025.059782
167238654.12391526
Generation:  62
[0.0, 0.25795947610907477, -7.988420814281073, 0.045289218824346195, 0.026607732589595534, 6.15007998385442e-05, -2.8604161735055496e-05, -5.8719251274069853e-08, 1.2500740687551935e-08, 1.4844102542794506e-11, -1.931344761547915e-12]
[360945.2443716623, 292623.3783623043]
653568.6227339667
68321.86600935803
[0.0, 0.25795947610907477, -8.186467622832497, 0.04190881396417635, 0.02951404363174599, 6.15007998385442e-05, -3.160803764936898e-05, -5.8719251274069853e-08, 1.3281864566057985e-08, 1.535813681352174e-11, -1.931344761547915e-12]
[407009.91901281825, 273224.2082380207]
680234.127250839
133785.71077479754
[0.0, 0.26455591184141675, -8.186467622832497, 0.04441677258489518, 0.02951404363174599, 5.8996865685048354e-05, -3.160803764936898e-05, -6.018171545596907e-08, 1.3281864566057985e-08, 1.4247194699847263e-11, -1.931344761547915e-12]
[1589407.4897360767, 1755099.200521915]
3344506.6902579917
165691.7107858383
[0.0, 0.2575536457843979, -8.910713970241861, 0.04190881396417635, 0.02951404363174599, 6.15007998385442e-05, -3.0819454876556754e-05, -5.8719251274069853e-08, 1.3281864566057985e-08, 1.535813681352174e-11, -1.931344761547915e-12]
[10821223.974863142, 14724228.375713944]
25545452.350577086
3903004.4008508027
[0.0, 0.25795947610907477, -8.186467622832497, 0.03844955795087014, 0.02826071953607482, 5.672299816072539e-05, -3.160803764936898e-05, -5.8719251274069853e-08, 1.2500740687551935e-08, 1.442351038326504e-11, -1.931344761547915e-12]
[141996990.27417248, 193648150.0531339]
335645140.3273064
51651159.77896142
[0.0, 0.25795947610907477, -8.364136659074028, 0.045289218824346195, 0.026607732589595534, 6.15007998385442e-05, -2.6148366128172947e-05, -5.8719251274069853e-08, 1.2500740687551935e-08, 1.5091000184663304e-11, -1.931344761547915e-12]
[150563971.81736225, 208594188.1646769]
359158159.98203915
58030216.347314656
[0.0, 0.27282786693412664, -7.988420814281073, 0.045289218824346195, 0.026607732589595534, 5.139852161428914e-05, -2.9518629521093756e-05, -5.8719251274069853e-08, 1.1964962084496373e-08, 1.583324602290168e-11, -2.0372426917442765e-12]
[174689424.40795583, 240193301.69473547]
414882726.1026913
65503877.28677964
[0.0, 0.25795947610907477, -7.988420814281073, 0.045289218824346195, 0.02951404363174599, 6.15007998385442e-05, -2.8604161735055496e-05, -5.8719251274069853e-08, 1.3281864566057985e-08, 1.3818251013906328e-11, -1.936965605169914e-12]
[239914700.3495179, 333559156.08933055]
573473856.4388485
93644455.73981264
Generation:  63
[0.0, 0.25795947610907477, -7.988420814281073, 0.045289218824346195, 0.026607732589595534, 6.15007998385442e-05, -2.8604161735055496e-05, -5.8719251274069853e-08, 1.2500740687551935e-08, 1.4844102542794506e-11, -1.931344761547915e-12]
[360945.2443716623, 292623.3783623043]
653568.6227339667
68321.86600935803
[0.0, 0.25795947610907477, -8.186467622832497, 0.04190881396417635, 0.02951404363174599, 6.15007998385442e-05, -3.160803764936898e-05, -5.8719251274069853e-08, 1.3281864566057985e-08, 1.535813681352174e-11, -1.931344761547915e-12]
[407009.91901281825, 273224.2082380207]
680234.127250839
133785.71077479754
[0.0, 0.26455591184141675, -8.186467622832497, 0.045289218824346195, 0.026876095744223207, 6.15007998385442e-05, -2.8604161735055496e-05, -5.359769260209476e-08, 1.2500740687551935e-08, 1.4844102542794506e-11, -1.931344761547915e-12]
[1935538.276762691, 3153132.9539836138]
5088671.230746305
1217594.6772209227
[0.0, 0.26455591184141675, -8.186467622832497, 0.04441677258489518, 0.02951404363174599, 6.508553798053647e-05, -3.160803764936898e-05, -6.018171545596907e-08, 1.3281864566057985e-08, 1.4247194699847263e-11, -1.7669481985695303e-12]
[15053177.433998987, 22308255.46847376]
37361432.90247275
7255078.0344747715
[0.0, 0.25795947610907477, -8.362971124919007, 0.045289218824346195, 0.026607732589595534, 6.66508485247348e-05, -2.6202061207105957e-05, -5.8719251274069853e-08, 1.2500740687551935e-08, 1.66994124677291e-11, -2.0305213333271994e-12]
[100008656.75540653, 140245721.3460738]
240254378.10148033
40237064.59066728
[0.0, 0.24866032302312388, -7.732304725833587, 0.04441677258489518, 0.02951404363174599, 5.8996865685048354e-05, -2.885036639927498e-05, -6.018171545596907e-08, 1.3281864566057985e-08, 1.4247194699847263e-11, -2.091271306258801e-12]
[119232230.10810792, 163085856.42755637]
282318086.5356643
43853626.31944844
[0.0, 0.25795947610907477, -7.988420814281073, 0.045289218824346195, 0.026607732589595534, 6.63480070995528e-05, -3.0819454876556754e-05, -5.8719251274069853e-08, 1.2500740687551935e-08, 1.4844102542794506e-11, -1.931344761547915e-12]
[128599483.81277123, 172600750.38572338]
301200234.1984946
44001266.57295215
[0.0, 0.2575536457843979, -8.910713970241861, 0.04190881396417635, 0.030295392116439328, 6.15007998385442e-05, -2.9565958915130062e-05, -5.8719251274069853e-08, 1.3281864566057985e-08, 1.535813681352174e-11, -1.931344761547915e-12]
[134920851.43127462, 185354343.67061767]
320275195.1018923
50433492.23934305
Generation:  64
[0.0, 0.25795947610907477, -7.988420814281073, 0.045289218824346195, 0.026607732589595534, 6.15007998385442e-05, -2.8604161735055496e-05, -5.8719251274069853e-08, 1.2500740687551935e-08, 1.4844102542794506e-11, -1.931344761547915e-12]
[360945.2443716623, 292623.3783623043]
653568.6227339667
68321.86600935803
[0.0, 0.25852019028260015, -7.988420814281073, 0.045289218824346195, 0.026607732589595534, 6.15007998385442e-05, -2.8604161735055496e-05, -5.8719251274069853e-08, 1.2500740687551935e-08, 1.4844102542794506e-11, -1.931344761547915e-12]
[360943.02248265373, 292629.2823223212]
653572.3048049749
68313.74016033253
[0.0, 0.25795947610907477, -8.186467622832497, 0.04190881396417635, 0.02951404363174599, 6.15007998385442e-05, -3.160803764936898e-05, -5.8719251274069853e-08, 1.3281864566057985e-08, 1.535813681352174e-11, -1.931344761547915e-12]
[407009.91901281825, 273224.2082380207]
680234.127250839
133785.71077479754
[0.0, 0.25795947610907477, -8.186467622832497, 0.045289218824346195, 0.026607732589595534, 6.15007998385442e-05, -2.8604161735055496e-05, -5.8719251274069853e-08, 1.2500740687551935e-08, 1.4844102542794506e-11, -1.931344761547915e-12]
[416215.47522859625, 298579.41011134017]
714794.8853399365
117636.06511725608
[0.0, 0.26455591184141675, -7.859308127675417, 0.04314035309692736, 0.02729869344739864, 6.15007998385442e-05, -2.8604161735055496e-05, -5.359769260209476e-08, 1.2500740687551935e-08, 1.4844102542794506e-11, -1.931344761547915e-12]
[5491119.839111423, 8644647.63750545]
14135767.476616872
3153527.7983940262
[0.0, 0.2757150671306906, -7.565333789171036, 0.04441677258489518, 0.026607732589595534, 6.042083597296963e-05, -3.160803764936898e-05, -5.8719251274069853e-08, 1.3281864566057985e-08, 1.4247194699847263e-11, -1.7669481985695303e-12]
[8337807.431461449, 12179999.190562109]
20517806.622023556
3842191.7591006598
[0.0, 0.2580368297041465, -8.186467622832497, 0.04190881396417635, 0.026876095744223207, 6.15007998385442e-05, -3.1019847082198645e-05, -5.242863585742156e-08, 1.3281864566057985e-08, 1.535813681352174e-11, -1.931344761547915e-12]
[13292180.73225685, 15521110.867242834]
28813291.599499684
2228930.1349859834
[0.0, 0.23574720053211332, -8.186467622832497, 0.04441677258489518, 0.02951404363174599, 6.15007998385442e-05, -3.0480169030681768e-05, -6.018171545596907e-08, 1.3281864566057985e-08, 1.535813681352174e-11, -1.7669481985695303e-12]
[93827638.61291444, 129995290.57070322]
223822929.18361765
36167651.95778878
Generation:  65
[0.0, 0.25795947610907477, -7.988420814281073, 0.045289218824346195, 0.026607732589595534, 6.15007998385442e-05, -2.8604161735055496e-05, -5.8719251274069853e-08, 1.2500740687551935e-08, 1.4844102542794506e-11, -1.931344761547915e-12]
[360945.2443716623, 292623.3783623043]
653568.6227339667
68321.86600935803
[0.0, 0.25852019028260015, -7.988420814281073, 0.045289218824346195, 0.026607732589595534, 6.15007998385442e-05, -2.8604161735055496e-05, -5.8719251274069853e-08, 1.2500740687551935e-08, 1.4844102542794506e-11, -1.931344761547915e-12]
[360943.02248265373, 292629.2823223212]
653572.3048049749
68313.74016033253
[0.0, 0.26121433068318173, -7.988420814281073, 0.045289218824346195, 0.026607732589595534, 6.15007998385442e-05, -2.8604161735055496e-05, -5.8719251274069853e-08, 1.2500740687551935e-08, 1.4844102542794506e-11, -1.931344761547915e-12]
[360932.3546098065, 292657.6604409846]
653590.0150507911
68274.69416882191
[0.0, 0.25795947610907477, -8.186467622832497, 0.045289218824346195, 0.026607732589595534, 6.15007998385442e-05, -2.8604161735055496e-05, -5.8719251274069853e-08, 1.2500740687551935e-08, 1.4844102542794506e-11, -1.931344761547915e-12]
[416215.47522859625, 298579.41011134017]
714794.8853399365
117636.06511725608
[0.0, 0.24274540628557315, -8.186467622832497, 0.045289218824346195, 0.026607732589595534, 6.15007998385442e-05, -2.8604161735055496e-05, -5.8719251274069853e-08, 1.2500740687551935e-08, 1.4844102542794506e-11, -1.931344761547915e-12]
[416264.61778028787, 298535.072654272]
714799.69043456
117729.54512601584
[0.0, 0.25381699591153417, -7.988420814281073, 0.045289218824346195, 0.02951404363174599, 6.15007998385442e-05, -3.0586436639455314e-05, -5.884302624966522e-08, 1.3281864566057985e-08, 1.4844102542794506e-11, -2.083717502061617e-12]
[4507329.085097252, 6291434.794450989]
10798763.87954824
1784105.7093537366
[0.0, 0.25795947610907477, -7.290136790890301, 0.04190881396417635, 0.026940609350304116, 6.15007998385442e-05, -2.88678574973387e-05, -5.8719251274069853e-08, 1.285419172959231e-08, 1.535813681352174e-11, -1.931344761547915e-12]
[18054038.82009635, 24709967.770152092]
42764006.59024844
6655928.950055741
[0.0, 0.25795947610907477, -8.186467622832497, 0.045289218824346195, 0.026607732589595534, 5.9611825909027776e-05, -3.160803764936898e-05, -5.8719251274069853e-08, 1.13690466570027e-08, 1.535813681352174e-11, -1.931344761547915e-12]
[790736051.2954452, 1082172914.1179252]
1872908965.4133704
291436862.82247996
Generation:  66
[0.0, 0.26121433068318173, -7.988420814281073, 0.045289218824346195, 0.026607732589595534, 5.6147167961056084e-05, -2.8604161735055496e-05, -5.657311182717559e-08, 1.2500740687551935e-08, 1.4844102542794506e-11, -1.931344761547915e-12]
[379444.9701882677, 259213.5468120317]
638658.5170002994
120231.423376236
[0.0, 0.25795947610907477, -7.988420814281073, 0.045289218824346195, 0.026607732589595534, 6.15007998385442e-05, -2.8604161735055496e-05, -5.8719251274069853e-08, 1.2500740687551935e-08, 1.4844102542794506e-11, -1.931344761547915e-12]
[360945.2443716623, 292623.3783623043]
653568.6227339667
68321.86600935803
[0.0, 0.25852019028260015, -7.988420814281073, 0.045289218824346195, 0.026607732589595534, 6.15007998385442e-05, -2.8604161735055496e-05, -5.8719251274069853e-08, 1.2500740687551935e-08, 1.4844102542794506e-11, -1.931344761547915e-12]
[360943.02248265373, 292629.2823223212]
653572.3048049749
68313.74016033253
[0.0, 0.25795947610907477, -8.186467622832497, 0.045289218824346195, 0.026607732589595534, 5.827890996514845e-05, -2.8604161735055496e-05, -5.8719251274069853e-08, 1.2500740687551935e-08, 1.4844102542794506e-11, -1.931344761547915e-12]
[635075.3662932813, 490625.80399454356]
1125701.170287825
144449.56229873776
[0.0, 0.25795947610907477, -7.988420814281073, 0.045289218824346195, 0.026966858450812155, 6.15007998385442e-05, -2.8604161735055496e-05, -5.8719251274069853e-08, 1.2500740687551935e-08, 1.4844102542794506e-11, -1.931344761547915e-12]
[1186630.3482482308, 1632637.6848071627]
2819268.0330553935
446007.336558932
[0.0, 0.25852019028260015, -7.988420814281073, 0.04600727271531199, 0.028432761178553256, 6.15007998385442e-05, -2.8604161735055496e-05, -5.8719251274069853e-08, 1.2500740687551935e-08, 1.4206569312416726e-11, -1.931344761547915e-12]
[20502420.74443386, 28882371.218088735]
49384791.962522596
8379950.473654874
[0.0, 0.25795947610907477, -7.988420814281073, 0.045289218824346195, 0.026607732589595534, 6.15007998385442e-05, -2.8604161735055496e-05, -6.034142254389073e-08, 1.3204689866362565e-08, 1.4844102542794506e-11, -1.8408172072358604e-12]
[97416135.05448452, 136290698.4103013]
233706833.4647858
38874563.35581678
[0.0, 0.2528562547268935, -7.988420814281073, 0.045289218824346195, 0.028242370612040605, 6.15007998385442e-05, -2.8604161735055496e-05, -5.8719251274069853e-08, 1.3515658347502045e-08, 1.4844102542794506e-11, -1.931344761547915e-12]
[230212571.1849923, 318514767.7661843]
548727338.9511766
88302196.58119196
Generation:  67
[0.0, 0.26121433068318173, -7.988420814281073, 0.045289218824346195, 0.026607732589595534, 5.6147167961056084e-05, -2.8604161735055496e-05, -5.657311182717559e-08, 1.2500740687551935e-08, 1.4844102542794506e-11, -1.931344761547915e-12]
[379444.9701882677, 259213.5468120317]
638658.5170002994
120231.423376236
[0.0, 0.25795947610907477, -7.988420814281073, 0.045289218824346195, 0.026607732589595534, 6.15007998385442e-05, -2.8604161735055496e-05, -5.8719251274069853e-08, 1.2500740687551935e-08, 1.4844102542794506e-11, -1.931344761547915e-12]
[360945.2443716623, 292623.3783623043]
653568.6227339667
68321.86600935803
[0.0, 0.25852019028260015, -7.817580726693403, 0.045289218824346195, 0.026607732589595534, 6.15007998385442e-05, -2.8604161735055496e-05, -5.8719251274069853e-08, 1.2500740687551935e-08, 1.4312233188838295e-11, -1.931344761547915e-12]
[538008.2943797905, 461514.92949841183]
999523.2238782024
76493.36488137871
[0.0, 0.25795947610907477, -7.85105486493962, 0.045289218824346195, 0.026607732589595534, 5.492613253185983e-05, -2.8604161735055496e-05, -5.8719251274069853e-08, 1.2500740687551935e-08, 1.4844102542794506e-11, -1.931344761547915e-12]
[1079687.7095537772, 865569.9177867565]
1945257.6273405338
214117.7917670207
[0.0, 0.25795947610907477, -8.340245222693884, 0.04724557865555213, 0.026607732589595534, 6.707035986655408e-05, -2.8806158461313524e-05, -5.797129229190059e-08, 1.2500740687551935e-08, 1.4844102542794506e-11, -1.931344761547915e-12]
[2749359.488131789, 3150614.5127540478]
5899974.000885837
401255.02462225873
[0.0, 0.25852019028260015, -7.988420814281073, 0.045289218824346195, 0.024287896610503276, 6.15007998385442e-05, -2.8604161735055496e-05, -5.8719251274069853e-08, 1.2500740687551935e-08, 1.4844102542794506e-11, -1.931344761547915e-12]
[32828651.42948981, 43186480.430737734]
76015131.86022754
10357829.001247924
[0.0, 0.25852019028260015, -7.988420814281073, 0.045289218824346195, 0.026607732589595534, 5.248823104826134e-05, -2.8604161735055496e-05, -6.095820183631852e-08, 1.1736586308038058e-08, 1.4844102542794506e-11, -1.931344761547915e-12]
[78521081.48563394, 104184312.14469567]
182705393.6303296
25663230.65906173
[0.0, 0.26121433068318173, -8.417939041739936, 0.04103217964288462, 0.026607732589595534, 5.6147167961056084e-05, -2.5933325016318896e-05, -5.099393123679436e-08, 1.3441079722088019e-08, 1.4337166172440114e-11, -1.931344761547915e-12]
[566364252.5647969, 774842974.9248574]
1341207227.4896543
208478722.36006045
Generation:  68
[0.0, 0.26121433068318173, -7.988420814281073, 0.045289218824346195, 0.026607732589595534, 5.6147167961056084e-05, -2.8604161735055496e-05, -5.657311182717559e-08, 1.2500740687551935e-08, 1.4844102542794506e-11, -1.931344761547915e-12]
[379444.9701882677, 259213.5468120317]
638658.5170002994
120231.423376236
[0.0, 0.25795947610907477, -7.988420814281073, 0.045289218824346195, 0.026607732589595534, 6.15007998385442e-05, -2.8604161735055496e-05, -5.8719251274069853e-08, 1.2500740687551935e-08, 1.4844102542794506e-11, -1.931344761547915e-12]
[360945.2443716623, 292623.3783623043]
653568.6227339667
68321.86600935803
[0.0, 0.25795947610907477, -7.795842872451814, 0.045289218824346195, 0.02739301868937148, 5.5276180494928266e-05, -2.8604161735055496e-05, -5.8719251274069853e-08, 1.2500740687551935e-08, 1.3506164222448484e-11, -1.931344761547915e-12]
[6565264.944503625, 7808896.060545047]
14374161.005048672
1243631.116041422
[0.0, 0.2368127922232927, -7.231828543173966, 0.045289218824346195, 0.024483834805908378, 6.15007998385442e-05, -2.8604161735055496e-05, -5.657311182717559e-08, 1.2500740687551935e-08, 1.5129375390546348e-11, -1.931344761547915e-12]
[18144808.982278936, 23606010.953283884]
41750819.93556282
5461201.971004948
[0.0, 0.2456253474389938, -7.988420814281073, 0.045289218824346195, 0.026607732589595534, 6.15007998385442e-05, -2.6354453913294344e-05, -5.8719251274069853e-08, 1.2500740687551935e-08, 1.4844102542794506e-11, -2.0060199713426483e-12]
[97523735.14971621, 135735742.59719366]
233259477.74690986
38212007.447477445
[0.0, 0.25795947610907477, -7.988420814281073, 0.045289218824346195, 0.026607732589595534, 5.902076468560977e-05, -3.084818691687355e-05, -6.367310327660329e-08, 1.2500740687551935e-08, 1.4844102542794506e-11, -1.8565902298880247e-12]
[103317688.74110141, 140322550.55866238]
243640239.2997638
37004861.81756097
[0.0, 0.26121433068318173, -7.817580726693403, 0.045289218824346195, 0.026607732589595534, 5.6147167961056084e-05, -2.8604161735055496e-05, -5.657311182717559e-08, 1.1560890621787681e-08, 1.4312233188838295e-11, -1.931344761547915e-12]
[104767798.54606125, 141544900.3002575]
246312698.84631875
36777101.75419626
[0.0, 0.25795947610907477, -7.238724652179178, 0.045289218824346195, 0.026607732589595534, 6.0397137192696966e-05, -2.8604161735055496e-05, -5.657311182717559e-08, 1.1264371012718224e-08, 1.4844102542794506e-11, -1.931344761547915e-12]
[160925750.62482038, 220514351.66612244]
381440102.2909428
59588601.041302055
Generation:  69
[0.0, 0.26121433068318173, -7.988420814281073, 0.045289218824346195, 0.026607732589595534, 5.6147167961056084e-05, -2.8604161735055496e-05, -5.657311182717559e-08, 1.2500740687551935e-08, 1.4844102542794506e-11, -1.931344761547915e-12]
[379444.9701882677, 259213.5468120317]
638658.5170002994
120231.423376236
[0.0, 0.25795947610907477, -7.988420814281073, 0.045289218824346195, 0.026607732589595534, 6.15007998385442e-05, -2.8604161735055496e-05, -5.8719251274069853e-08, 1.2500740687551935e-08, 1.4844102542794506e-11, -1.931344761547915e-12]
[360945.2443716623, 292623.3783623043]
653568.6227339667
68321.86600935803
[0.0, 0.25795947610907477, -7.988420814281073, 0.043303367388819465, 0.026607732589595534, 6.15007998385442e-05, -2.8604161735055496e-05, -5.520293339361992e-08, 1.2500740687551935e-08, 1.4449946222563777e-11, -1.916232533432481e-12]
[737375.5122265767, 1018485.7499909379]
1755861.2622175147
281110.2377643612
[0.0, 0.25795947610907477, -7.988420814281073, 0.045289218824346195, 0.02574687869434986, 6.15007998385442e-05, -2.8604161735055496e-05, -5.657311182717559e-08, 1.2500740687551935e-08, 1.4844102542794506e-11, -1.931344761547915e-12]
[4591115.4529748205, 5528999.544267068]
10120114.997241888
937884.0912922472
[0.0, 0.28641333927472623, -7.269868969420435, 0.045289218824346195, 0.024731800423894612, 6.15007998385442e-05, -2.8604161735055496e-05, -5.657311182717559e-08, 1.2500740687551935e-08, 1.6271112820409023e-11, -1.931344761547915e-12]
[13897337.798539544, 18379543.850684274]
32276881.64922382
4482206.05214473
[0.0, 0.25795947610907477, -7.988420814281073, 0.045289218824346195, 0.02739301868937148, 5.5276180494928266e-05, -2.8604161735055496e-05, -5.8719251274069853e-08, 1.3034374286598648e-08, 1.4844102542794506e-11, -1.931344761547915e-12]
[60055859.64363885, 82702578.3396289]
142758437.98326775
22646718.695990056
[0.0, 0.2261407165978596, -7.936566655619742, 0.045289218824346195, 0.024483834805908378, 6.15007998385442e-05, -2.8604161735055496e-05, -5.657311182717559e-08, 1.185987619349411e-08, 1.5129375390546348e-11, -1.7622864294178793e-12]
[65932154.78242047, 87846364.26709437]
153778519.04951483
21914209.484673902
[0.0, 0.25795947610907477, -7.988420814281073, 0.045289218824346195, 0.028890266115449464, 5.5276180494928266e-05, -2.7759598145361197e-05, -5.8719251274069853e-08, 1.2500740687551935e-08, 1.3506164222448484e-11, -1.931344761547915e-12]
[97896476.67445241, 133446272.6162779]
231342749.2907303
35549795.941825494
Generation:  70
[0.0, 0.26121433068318173, -7.988420814281073, 0.045289218824346195, 0.026607732589595534, 5.6147167961056084e-05, -2.8604161735055496e-05, -5.609018696053012e-08, 1.2500740687551935e-08, 1.4844102542794506e-11, -1.931344761547915e-12]
[345521.76755940646, 265525.9928891928]
611047.7604485992
79995.77467021364
[0.0, 0.26121433068318173, -7.988420814281073, 0.045289218824346195, 0.026607732589595534, 5.6147167961056084e-05, -2.8604161735055496e-05, -5.657311182717559e-08, 1.2500740687551935e-08, 1.4844102542794506e-11, -1.931344761547915e-12]
[379444.9701882677, 259213.5468120317]
638658.5170002994
120231.423376236
[0.0, 0.25795947610907477, -7.988420814281073, 0.045289218824346195, 0.026607732589595534, 6.15007998385442e-05, -2.8604161735055496e-05, -5.8719251274069853e-08, 1.2500740687551935e-08, 1.4844102542794506e-11, -1.931344761547915e-12]
[360945.2443716623, 292623.3783623043]
653568.6227339667
68321.86600935803
[0.0, 0.2466551447629995, -7.988420814281073, 0.045289218824346195, 0.026607732589595534, 5.6147167961056084e-05, -2.864298187554206e-05, -5.4722800730427396e-08, 1.2500740687551935e-08, 1.4844102542794506e-11, -1.931344761547915e-12]
[393285.13133954356, 469216.95141141687]
862502.0827509605
75931.82007187331
[0.0, 0.25795947610907477, -7.988420814281073, 0.045289218824346195, 0.026607732589595534, 6.15007998385442e-05, -2.8604161735055496e-05, -5.657311182717559e-08, 1.2500740687551935e-08, 1.507998023496662e-11, -1.931344761547915e-12]
[608617.0418307667, 919486.9633645089]
1528104.0051952756
310869.9215337422
[0.0, 0.25795947610907477, -7.450552299311326, 0.045289218824346195, 0.026607732589595534, 6.15007998385442e-05, -2.8604161735055496e-05, -5.657311182717559e-08, 1.2500740687551935e-08, 1.4844102542794506e-11, -1.931344761547915e-12]
[1043294.9056134161, 1784836.4679711908]
2828131.3735846067
741541.5623577747
[0.0, 0.25795947610907477, -7.988420814281073, 0.04381231927574851, 0.026607732589595534, 6.15007998385442e-05, -3.004599561717439e-05, -5.657311182717559e-08, 1.2500740687551935e-08, 1.57212966528306e-11, -1.931344761547915e-12]
[53298341.35896208, 72873171.4238026]
126171512.78276467
19574830.064840518
[0.0, 0.24687368842077673, -7.988420814281073, 0.043303367388819465, 0.02806504417788961, 6.15007998385442e-05, -2.6135327503366304e-05, -5.491268091937583e-08, 1.2500740687551935e-08, 1.4449946222563777e-11, -1.916232533432481e-12]
[281874286.9036581, 390249529.0414405]
672123815.9450986
108375242.1377824
Generation:  71
[0.0, 0.26121433068318173, -7.988420814281073, 0.045289218824346195, 0.026607732589595534, 5.6147167961056084e-05, -2.8604161735055496e-05, -5.609018696053012e-08, 1.2500740687551935e-08, 1.4844102542794506e-11, -1.931344761547915e-12]
[345521.76755940646, 265525.9928891928]
611047.7604485992
79995.77467021364
[0.0, 0.26121433068318173, -7.988420814281073, 0.045289218824346195, 0.026607732589595534, 5.6147167961056084e-05, -2.8604161735055496e-05, -5.657311182717559e-08, 1.2500740687551935e-08, 1.4844102542794506e-11, -1.931344761547915e-12]
[379444.9701882677, 259213.5468120317]
638658.5170002994
120231.423376236
[0.0, 0.25795947610907477, -7.988420814281073, 0.045289218824346195, 0.026607732589595534, 6.15007998385442e-05, -2.8604161735055496e-05, -5.964962047242186e-08, 1.2500740687551935e-08, 1.4844102542794506e-11, -1.931344761547915e-12]
[462021.2500189614, 329403.0207691861]
791424.2707881475
132618.2292497753
[0.0, 0.26121433068318173, -7.701636957983377, 0.04583839816381966, 0.026607732589595534, 5.6147167961056084e-05, -2.8604161735055496e-05, -5.609018696053012e-08, 1.2500740687551935e-08, 1.352571054082464e-11, -1.931344761547915e-12]
[975303.6661148479, 846579.753362439]
1821883.4194772867
128723.91275240888
[0.0, 0.25638742071085846, -7.988420814281073, 0.045289218824346195, 0.026607732589595534, 6.15007998385442e-05, -2.8604161735055496e-05, -6.163052438254721e-08, 1.2500740687551935e-08, 1.4844102542794506e-11, -1.931344761547915e-12]
[1003451.4780717057, 855104.7131786592]
1858556.1912503648
148346.76489304646
[0.0, 0.24597949986992476, -7.846530664887556, 0.04184050961077187, 0.024762475938901112, 5.6147167961056084e-05, -2.7471163174097262e-05, -5.869185771362766e-08, 1.2500740687551935e-08, 1.451588989815394e-11, -1.83384535327463e-12]
[15012529.495245928, 21813696.15614957]
36826225.6513955
6801166.660903642
[0.0, 0.25724411863025487, -7.988420814281073, 0.045289218824346195, 0.026607732589595534, 5.6147167961056084e-05, -2.864298187554206e-05, -5.182287554641247e-08, 1.2500740687551935e-08, 1.6083920641013462e-11, -1.7620204710725552e-12]
[20605064.1086008, 25588415.692881867]
46193479.80148266
4983351.584281068
[0.0, 0.25795947610907477, -7.988420814281073, 0.04361246672771824, 0.0271489726849195, 6.0938514926353576e-05, -2.623795581969136e-05, -5.8719251274069853e-08, 1.2500740687551935e-08, 1.4844102542794506e-11, -2.0446445352548447e-12]
[118507886.21535411, 163813015.4161246]
282320901.6314787
45305129.2007705
Generation:  72
[0.0, 0.26121433068318173, -7.988420814281073, 0.045289218824346195, 0.026607732589595534, 5.6147167961056084e-05, -2.8604161735055496e-05, -5.609018696053012e-08, 1.2500740687551935e-08, 1.4844102542794506e-11, -1.931344761547915e-12]
[345521.76755940646, 265525.9928891928]
611047.7604485992
79995.77467021364
[0.0, 0.26121433068318173, -7.988420814281073, 0.045289218824346195, 0.026607732589595534, 5.6147167961056084e-05, -2.8604161735055496e-05, -5.657311182717559e-08, 1.2500740687551935e-08, 1.4844102542794506e-11, -1.931344761547915e-12]
[379444.9701882677, 259213.5468120317]
638658.5170002994
120231.423376236
[0.0, 0.26121433068318173, -7.988420814281073, 0.045289218824346195, 0.026671828720561334, 5.6147167961056084e-05, -2.8604161735055496e-05, -5.238379657604878e-08, 1.2500740687551935e-08, 1.4844102542794506e-11, -1.931344761547915e-12]
[1044388.8481032572, 1674862.3046080614]
2719251.152711319
630473.4565048042
[0.0, 0.2692107256059669, -8.685800038827823, 0.045289218824346195, 0.026607732589595534, 5.6147167961056084e-05, -2.8604161735055496e-05, -5.657311182717559e-08, 1.2500740687551935e-08, 1.4844102542794506e-11, -1.956070709362658e-12]
[2348250.035464094, 2846339.9874359164]
5194590.02290001
498089.9519718224
[0.0, 0.26121433068318173, -7.701636957983377, 0.04470614028018296, 0.026607732589595534, 5.6147167961056084e-05, -2.8604161735055496e-05, -5.609018696053012e-08, 1.2500740687551935e-08, 1.3995621091411777e-11, -1.9993923088654554e-12]
[2601309.6891317097, 2708841.208405387]
5310150.897537097
107531.51927367738
[0.0, 0.26121433068318173, -8.62299050045611, 0.04583839816381966, 0.027620279114206576, 5.6147167961056084e-05, -2.8604161735055496e-05, -5.459733897467194e-08, 1.2500740687551935e-08, 1.352571054082464e-11, -1.931344761547915e-12]
[3427400.888873146, 4763349.5404497795]
8190750.429322925
1335948.6515766336
[0.0, 0.26121433068318173, -7.660538846422688, 0.04762778726194652, 0.026607732589595534, 5.521993636247199e-05, -2.9583132972380873e-05, -5.657311182717559e-08, 1.2500740687551935e-08, 1.3457469904146336e-11, -1.931344761547915e-12]
[24055070.653127618, 31094321.87105822]
55149392.52418584
7039251.2179306
[0.0, 0.26121433068318173, -7.844060624398651, 0.04362234635636528, 0.024246481717638914, 5.942855648016173e-05, -2.8604161735055496e-05, -5.955364360609613e-08, 1.2500740687551935e-08, 1.4265383701159588e-11, -1.931344761547915e-12]
[34117530.55656942, 45922646.92114362]
80040177.47771305
11805116.364574201
Generation:  73
[0.0, 0.26121433068318173, -7.988420814281073, 0.045289218824346195, 0.026607732589595534, 5.6147167961056084e-05, -2.8604161735055496e-05, -5.609018696053012e-08, 1.2500740687551935e-08, 1.4844102542794506e-11, -1.931344761547915e-12]
[345521.76755940646, 265525.9928891928]
611047.7604485992
79995.77467021364
[0.0, 0.26121433068318173, -7.988420814281073, 0.045289218824346195, 0.026607732589595534, 5.6147167961056084e-05, -2.8604161735055496e-05, -5.657311182717559e-08, 1.2500740687551935e-08, 1.4844102542794506e-11, -1.931344761547915e-12]
[379444.9701882677, 259213.5468120317]
638658.5170002994
120231.423376236
[0.0, 0.25720374292197445, -7.988420814281073, 0.045289218824346195, 0.026671828720561334, 5.709603680589055e-05, -2.8604161735055496e-05, -5.238379657604878e-08, 1.2500740687551935e-08, 1.4844102542794506e-11, -1.9476340225890268e-12]
[1067927.9542240824, 1928133.673389955]
2996061.627614037
860205.7191658725
[0.0, 0.26121433068318173, -8.685800038827823, 0.045289218824346195, 0.026607732589595534, 5.302308778928874e-05, -2.8604161735055496e-05, -5.750917504591282e-08, 1.2500740687551935e-08, 1.4844102542794506e-11, -1.931344761547915e-12]
[1732134.5234318562, 2083729.8097995687]
3815864.333231425
351595.28636771254
[0.0, 0.2601012007347514, -8.685800038827823, 0.04838813725518286, 0.026607732589595534, 5.544515097807734e-05, -2.8604161735055496e-05, -5.657311182717559e-08, 1.2500740687551935e-08, 1.4844102542794506e-11, -1.956070709362658e-12]
[2315774.7221720368, 2736859.9148153416]
5052634.636987379
421085.1926433048
[0.0, 0.26121433068318173, -7.988420814281073, 0.045289218824346195, 0.026671828720561334, 5.6147167961056084e-05, -2.8604161735055496e-05, -5.657311182717559e-08, 1.2500740687551935e-08, 1.4844102542794506e-11, -1.8153474446536383e-12]
[8911691.659562448, 12228374.949109916]
21140066.608672366
3316683.2895474676
[0.0, 0.2537347026093885, -7.988420814281073, 0.045289218824346195, 0.026671828720561334, 5.6147167961056084e-05, -2.8604161735055496e-05, -4.8360576866425544e-08, 1.2500740687551935e-08, 1.4844102542794506e-11, -2.0720293367128113e-12]
[10770819.378517661, 18340206.071183007]
29111025.44970067
7569386.692665346
[0.0, 0.2717411875275434, -8.612412833548197, 0.045289218824346195, 0.0249311951230244, 5.4009693223536806e-05, -2.8604161735055496e-05, -5.657311182717559e-08, 1.2500740687551935e-08, 1.3709705121794427e-11, -1.92986306495069e-12]
[25961376.093432102, 35117674.637579255]
61079050.73101136
9156298.544147152
Generation:  74
[0.0, 0.26121433068318173, -7.988420814281073, 0.045289218824346195, 0.026607732589595534, 5.6147167961056084e-05, -2.8604161735055496e-05, -5.609018696053012e-08, 1.2500740687551935e-08, 1.4844102542794506e-11, -1.931344761547915e-12]
[345521.76755940646, 265525.9928891928]
611047.7604485992
79995.77467021364
[0.0, 0.26121433068318173, -7.988420814281073, 0.045289218824346195, 0.026607732589595534, 5.6147167961056084e-05, -2.8604161735055496e-05, -5.657311182717559e-08, 1.2500740687551935e-08, 1.4844102542794506e-11, -1.931344761547915e-12]
[379444.9701882677, 259213.5468120317]
638658.5170002994
120231.423376236
[0.0, 0.26121433068318173, -7.988420814281073, 0.045289218824346195, 0.026607732589595534, 5.6147167961056084e-05, -2.8604161735055496e-05, -5.917902191823896e-08, 1.2500740687551935e-08, 1.4844102542794506e-11, -1.931344761547915e-12]
[1017737.8787291382, 849515.6551794984]
1867253.5339086365
168222.2235496398
[0.0, 0.26121433068318173, -7.370260970554579, 0.045289218824346195, 0.026607732589595534, 5.6147167961056084e-05, -2.8604161735055496e-05, -5.657311182717559e-08, 1.2500740687551935e-08, 1.4844102542794506e-11, -2.0964532494908734e-12]
[10994922.342288503, 14783478.941878825]
25778401.284167327
3788556.599590322
[0.0, 0.25720374292197445, -7.394040950147969, 0.045289218824346195, 0.024212476111315787, 5.7461340448572556e-05, -2.8604161735055496e-05, -5.238379657604878e-08, 1.2500740687551935e-08, 1.4844102542794506e-11, -1.9476340225890268e-12]
[29852891.045716297, 39625394.60096419]
69478285.64668049
9772503.555247892
[0.0, 0.26121433068318173, -8.685800038827823, 0.045289218824346195, 0.028063139042338932, 5.302308778928874e-05, -2.7900504338942852e-05, -5.2677675994207995e-08, 1.2500740687551935e-08, 1.4844102542794506e-11, -1.931344761547915e-12]
[42689723.812534764, 58611001.29664719]
101300725.10918196
15921277.484112427
[0.0, 0.24267062338894882, -7.988420814281073, 0.04637284131694059, 0.028041782186066677, 5.42383191657914e-05, -2.7648714679872937e-05, -5.461151222400293e-08, 1.2500740687551935e-08, 1.4844102542794506e-11, -1.931344761547915e-12]
[72955965.46263126, 100345003.54405476]
173300969.00668603
27389038.081423506
[0.0, 0.2438336261852082, -7.988420814281073, 0.045289218824346195, 0.026607732589595534, 5.379153787638389e-05, -2.8604161735055496e-05, -5.657311182717559e-08, 1.1262182927538124e-08, 1.4844102542794506e-11, -1.931344761547915e-12]
[187669420.84954795, 256345720.60224646]
444015141.4517944
68676299.75269851
Generation:  75
[0.0, 0.26121433068318173, -7.988420814281073, 0.045289218824346195, 0.026607732589595534, 5.6147167961056084e-05, -2.8604161735055496e-05, -5.609018696053012e-08, 1.2500740687551935e-08, 1.4844102542794506e-11, -1.931344761547915e-12]
[345521.76755940646, 265525.9928891928]
611047.7604485992
79995.77467021364
[0.0, 0.26121433068318173, -7.988420814281073, 0.045289218824346195, 0.026607732589595534, 5.6147167961056084e-05, -2.8604161735055496e-05, -5.657311182717559e-08, 1.2500740687551935e-08, 1.4844102542794506e-11, -1.931344761547915e-12]
[379444.9701882677, 259213.5468120317]
638658.5170002994
120231.423376236
[0.0, 0.26121433068318173, -8.38404957799237, 0.045289218824346195, 0.026607732589595534, 5.6147167961056084e-05, -2.8604161735055496e-05, -5.609018696053012e-08, 1.2500740687551935e-08, 1.6026809717343772e-11, -1.931344761547915e-12]
[724921.6590886638, 921110.9620743742]
1646032.621163038
196189.30298571044
[0.0, 0.26121433068318173, -7.370260970554579, 0.045289218824346195, 0.029109065302287483, 5.6147167961056084e-05, -2.8604161735055496e-05, -5.609018696053012e-08, 1.1848782120332423e-08, 1.4844102542794506e-11, -1.931344761547915e-12]
[3288274.4761662027, 4137107.374459124]
7425381.850625327
848832.8982929215
[0.0, 0.26121433068318173, -7.988420814281073, 0.04810071861350647, 0.027433425733205535, 5.6147167961056084e-05, -2.8604161735055496e-05, -5.325952878077028e-08, 1.2500740687551935e-08, 1.4844102542794506e-11, -1.931344761547915e-12]
[5664176.989173224, 8652801.70559517]
14316978.694768393
2988624.716421945
[0.0, 0.25842110636850696, -7.988420814281073, 0.043414186176075203, 0.02539987034612638, 5.866609413220588e-05, -2.8604161735055496e-05, -5.057165282606571e-08, 1.2417493040412127e-08, 1.4844102542794506e-11, -1.931344761547915e-12]
[15166667.211882645, 20154423.365180314]
35321090.57706296
4987756.153297668
[0.0, 0.26121433068318173, -7.988420814281073, 0.04213365999077301, 0.026607732589595534, 5.6147167961056084e-05, -2.7919542997986606e-05, -5.657311182717559e-08, 1.2500740687551935e-08, 1.4844102542794506e-11, -1.785308194618259e-12]
[49108213.52500369, 67308436.48022497]
116416650.00522865
18200222.95522128
[0.0, 0.25591329647672656, -7.988420814281073, 0.045289218824346195, 0.026607732589595534, 5.6147167961056084e-05, -2.707180426092792e-05, -5.657311182717559e-08, 1.2500740687551935e-08, 1.4844102542794506e-11, -1.931344761547915e-12]
[63039345.328661226, 86694390.59526528]
149733735.9239265
23655045.26660406
Generation:  76
[0.0, 0.26121433068318173, -7.988420814281073, 0.045289218824346195, 0.026607732589595534, 5.6147167961056084e-05, -2.8604161735055496e-05, -5.609018696053012e-08, 1.2500740687551935e-08, 1.4844102542794506e-11, -1.931344761547915e-12]
[345521.76755940646, 265525.9928891928]
611047.7604485992
79995.77467021364
[0.0, 0.26121433068318173, -7.988420814281073, 0.045289218824346195, 0.026607732589595534, 5.6147167961056084e-05, -2.8604161735055496e-05, -5.657311182717559e-08, 1.2500740687551935e-08, 1.4844102542794506e-11, -1.931344761547915e-12]
[379444.9701882677, 259213.5468120317]
638658.5170002994
120231.423376236
[0.0, 0.26121433068318173, -7.988420814281073, 0.045289218824346195, 0.026607732589595534, 5.6147167961056084e-05, -2.8604161735055496e-05, -5.609018696053012e-08, 1.2500740687551935e-08, 1.3976549320789112e-11, -1.931344761547915e-12]
[624606.9841912065, 457303.59275646013]
1081910.5769476667
167303.3914347464
[0.0, 0.2869091370025504, -8.564157654742594, 0.045289218824346195, 0.026607732589595534, 5.093931608046183e-05, -2.8604161735055496e-05, -5.609018696053012e-08, 1.2500740687551935e-08, 1.4844102542794506e-11, -1.931344761547915e-12]
[1302013.4764290906, 1511100.5316081506]
2813114.008037241
209087.05517905997
[0.0, 0.26121433068318173, -7.370260970554579, 0.04767151839705346, 0.029109065302287483, 5.6147167961056084e-05, -2.8604161735055496e-05, -5.551790713877992e-08, 1.1848782120332423e-08, 1.4844102542794506e-11, -1.840412448543415e-12]
[5761303.547613746, 8454827.881499829]
14216131.429113574
2693524.333886083
[0.0, 0.2832558401261579, -7.3380430661241505, 0.045289218824346195, 0.027946654261310516, 5.137281086532185e-05, -3.0295562464897636e-05, -6.092692366161532e-08, 1.2500740687551935e-08, 1.4767860635644722e-11, -1.931344761547915e-12]
[28908345.539698243, 36723878.413663745]
65632223.95336199
7815532.873965502
[0.0, 0.2872079187176155, -7.370260970554579, 0.045289218824346195, 0.029109065302287483, 5.6147167961056084e-05, -2.8604161735055496e-05, -5.609018696053012e-08, 1.23315686704536e-08, 1.4844102542794506e-11, -1.8946061795866878e-12]
[36377233.49232637, 49653246.48114885]
86030479.97347522
13276012.988822475
[0.0, 0.26121433068318173, -7.249932206266441, 0.045289218824346195, 0.029109065302287483, 5.6147167961056084e-05, -2.8604161735055496e-05, -5.609018696053012e-08, 1.2500740687551935e-08, 1.4844102542794506e-11, -1.931344761547915e-12]
[51057443.2707243, 69799744.77690004]
120857188.04762433
18742301.50617574
Generation:  77
[0.0, 0.26121433068318173, -7.988420814281073, 0.045289218824346195, 0.026607732589595534, 5.6147167961056084e-05, -2.8604161735055496e-05, -5.609018696053012e-08, 1.2500740687551935e-08, 1.4844102542794506e-11, -1.931344761547915e-12]
[345521.76755940646, 265525.9928891928]
611047.7604485992
79995.77467021364
[0.0, 0.26121433068318173, -7.988420814281073, 0.045289218824346195, 0.026607732589595534, 5.6147167961056084e-05, -2.8604161735055496e-05, -5.657311182717559e-08, 1.2500740687551935e-08, 1.4844102542794506e-11, -1.931344761547915e-12]
[379444.9701882677, 259213.5468120317]
638658.5170002994
120231.423376236
[0.0, 0.26121433068318173, -8.183453563693961, 0.04818951880570754, 0.026607732589595534, 5.6147167961056084e-05, -2.8604161735055496e-05, -5.609018696053012e-08, 1.2500740687551935e-08, 1.3976549320789112e-11, -1.8645219792786193e-12]
[2244078.102553173, 3207983.0197445597]
5452061.122297732
963904.9171913867
[0.0, 0.26121433068318173, -7.988420814281073, 0.04697197085912172, 0.025334860439459587, 5.6147167961056084e-05, -2.8604161735055496e-05, -5.609018696053012e-08, 1.2213419710041716e-08, 1.3185904220905219e-11, -1.931344761547915e-12]
[41844057.091493726, 54911339.342426874]
96755396.43392059
13067282.250933148
[0.0, 0.26121433068318173, -7.988420814281073, 0.045289218824346195, 0.026607732589595534, 5.015413071846183e-05, -3.0278761378973327e-05, -5.609018696053012e-08, 1.2500740687551935e-08, 1.3874838662708552e-11, -1.931344761547915e-12]
[79140740.72426686, 107645744.66219182]
186786485.3864587
28505003.937924966
[0.0, 0.26121433068318173, -8.564157654742594, 0.04560094249179627, 0.02791857169010532, 5.093931608046183e-05, -2.8604161735055496e-05, -5.609018696053012e-08, 1.3289495677566663e-08, 1.4844102542794506e-11, -1.931344761547915e-12]
[124867242.05408648, 170861481.99463195]
295728724.04871845
45994239.94054547
[0.0, 0.2869091370025504, -8.049447653970843, 0.044390314534181394, 0.026607732589595534, 5.6147167961056084e-05, -2.8604161735055496e-05, -5.609018696053012e-08, 1.3582990758218204e-08, 1.4844102542794506e-11, -1.931344761547915e-12]
[141461219.59555882, 194224026.0316066]
335685245.62716544
52762806.43604779
[0.0, 0.27236700028588273, -7.988420814281073, 0.041718798289128486, 0.026326849471718403, 5.6147167961056084e-05, -2.8584995580822226e-05, -5.247463727260117e-08, 1.1350465438143088e-08, 1.4844102542794506e-11, -1.9587395463694622e-12]
[188898253.91497722, 262321387.29213506]
451219641.2071123
73423133.37715784
Generation:  78
[0.0, 0.26121433068318173, -7.988420814281073, 0.045289218824346195, 0.026607732589595534, 5.6147167961056084e-05, -2.8604161735055496e-05, -5.609018696053012e-08, 1.2500740687551935e-08, 1.4844102542794506e-11, -1.931344761547915e-12]
[345521.76755940646, 265525.9928891928]
611047.7604485992
79995.77467021364
[0.0, 0.26121433068318173, -7.988420814281073, 0.045289218824346195, 0.026607732589595534, 5.6147167961056084e-05, -2.8604161735055496e-05, -5.657311182717559e-08, 1.2500740687551935e-08, 1.4844102542794506e-11, -1.931344761547915e-12]
[379444.9701882677, 259213.5468120317]
638658.5170002994
120231.423376236
[0.0, 0.26121433068318173, -7.988420814281073, 0.045289218824346195, 0.026607732589595534, 5.6147167961056084e-05, -2.8604161735055496e-05, -5.459767402108682e-08, 1.2500740687551935e-08, 1.4844102542794506e-11, -1.931344761547915e-12]
[407430.467875114, 513734.7855663795]
921165.2534414935
106304.31769126549
[0.0, 0.23909570418381276, -7.988420814281073, 0.045289218824346195, 0.027598550275463016, 5.6147167961056084e-05, -2.8604161735055496e-05, -5.609018696053012e-08, 1.2500740687551935e-08, 1.4844102542794506e-11, -1.931344761547915e-12]
[6549689.949978608, 8926839.897966487]
15476529.847945094
2377149.9479878796
[0.0, 0.26121433068318173, -8.352626980461382, 0.04818951880570754, 0.026607732589595534, 5.6147167961056084e-05, -2.8604161735055496e-05, -5.657311182717559e-08, 1.2500740687551935e-08, 1.4844102542794506e-11, -1.7800373828585487e-12]
[10805664.94980059, 14897805.173319822]
25703470.123120412
4092140.223519232
[0.0, 0.26121433068318173, -8.183453563693961, 0.04697197085912172, 0.02499572154393135, 5.321624456284619e-05, -2.8604161735055496e-05, -5.609018696053012e-08, 1.3080183124814524e-08, 1.3945738590248255e-11, -1.8645219792786193e-12]
[15588275.814089406, 23212849.204558097]
38801125.01864751
7624573.390468691
[0.0, 0.26121433068318173, -7.988420814281073, 0.045289218824346195, 0.028962537583498937, 5.6147167961056084e-05, -2.8604161735055496e-05, -5.609018696053012e-08, 1.2500740687551935e-08, 1.4844102542794506e-11, -1.7994931921203864e-12]
[79794072.1218123, 109591911.64875615]
189385983.77056843
29797839.526943848
[0.0, 0.26121433068318173, -7.988420814281073, 0.04697197085912172, 0.025334860439459587, 5.6147167961056084e-05, -2.8604161735055496e-05, -5.609018696053012e-08, 1.117051330708426e-08, 1.3185904220905219e-11, -1.7710571322391776e-12]
[198977987.55565876, 267404786.06617355]
466382773.6218323
68426798.5105148
Generation:  79
[0.0, 0.26121433068318173, -7.988420814281073, 0.045289218824346195, 0.026607732589595534, 5.6147167961056084e-05, -2.8604161735055496e-05, -5.609018696053012e-08, 1.2500740687551935e-08, 1.4844102542794506e-11, -1.931344761547915e-12]
[345521.76755940646, 265525.9928891928]
611047.7604485992
79995.77467021364
[0.0, 0.26121433068318173, -7.988420814281073, 0.045289218824346195, 0.026607732589595534, 5.6147167961056084e-05, -2.8604161735055496e-05, -5.657311182717559e-08, 1.2500740687551935e-08, 1.4844102542794506e-11, -1.931344761547915e-12]
[379444.9701882677, 259213.5468120317]
638658.5170002994
120231.423376236
[0.0, 0.23587022028301038, -7.988420814281073, 0.045289218824346195, 0.026607732589595534, 5.836604968499922e-05, -2.8604161735055496e-05, -5.459767402108682e-08, 1.2500740687551935e-08, 1.3389373267485755e-11, -1.931344761547915e-12]
[402769.9907536191, 309076.64162197115]
711846.6323755903
93693.34913164796
[0.0, 0.26121433068318173, -7.988420814281073, 0.04140544743052317, 0.026607732589595534, 5.6147167961056084e-05, -2.8604161735055496e-05, -5.657311182717559e-08, 1.2500740687551935e-08, 1.4844102542794506e-11, -1.931344761547915e-12]
[504452.351233994, 319478.33779380296]
823930.689027797
184974.01344019105
[0.0, 0.2504451816847642, -7.988420814281073, 0.04759391820424792, 0.026607732589595534, 5.1080960143867406e-05, -2.8604161735055496e-05, -5.609018696053012e-08, 1.2500740687551935e-08, 1.4844102542794506e-11, -1.931344761547915e-12]
[620772.4075680819, 430193.5915027567]
1050965.9990708386
190578.81606532517
[0.0, 0.23909570418381276, -7.198730394442899, 0.045289218824346195, 0.026607732589595534, 5.6147167961056084e-05, -2.8604161735055496e-05, -5.7366375622837755e-08, 1.2500740687551935e-08, 1.3601841931264673e-11, -1.931344761547915e-12]
[2223070.7917787093, 2207813.5472619473]
4430884.339040657
15257.244516761974
[0.0, 0.26121433068318173, -8.546861781291835, 0.045289218824346195, 0.026607732589595534, 5.841963529974082e-05, -2.8604161735055496e-05, -5.459767402108682e-08, 1.2500740687551935e-08, 1.4844102542794506e-11, -1.8205233899418238e-12]
[5487022.071715768, 6787291.666073444]
12274313.737789214
1300269.5943576759
[0.0, 0.2678222554694322, -7.988420814281073, 0.045289218824346195, 0.027861163352323855, 5.6147167961056084e-05, -2.8604161735055496e-05, -5.459767402108682e-08, 1.2500740687551935e-08, 1.4844102542794506e-11, -1.93135112162933e-12]
[10580133.155467061, 14901899.541450117]
25482032.696917176
4321766.385983055
Generation:  80
[0.0, 0.26121433068318173, -7.988420814281073, 0.045289218824346195, 0.026607732589595534, 5.6147167961056084e-05, -2.8604161735055496e-05, -5.609018696053012e-08, 1.2500740687551935e-08, 1.4844102542794506e-11, -1.931344761547915e-12]
[345521.76755940646, 265525.9928891928]
611047.7604485992
79995.77467021364
[0.0, 0.26121433068318173, -7.988420814281073, 0.045289218824346195, 0.026607732589595534, 5.6147167961056084e-05, -2.8604161735055496e-05, -5.657311182717559e-08, 1.2500740687551935e-08, 1.4844102542794506e-11, -1.931344761547915e-12]
[379444.9701882677, 259213.5468120317]
638658.5170002994
120231.423376236
[0.0, 0.26121433068318173, -7.988420814281073, 0.045289218824346195, 0.02630817265105379, 5.6147167961056084e-05, -2.8604161735055496e-05, -5.657311182717559e-08, 1.2500740687551935e-08, 1.4844102542794506e-11, -1.973183006211306e-12]
[3276855.121746449, 4140691.6647934103]
7417546.786539859
863836.5430469615
[0.0, 0.23587022028301038, -7.988420814281073, 0.045289218824346195, 0.026607732589595534, 5.6147167961056084e-05, -2.8604161735055496e-05, -5.860275940722935e-08, 1.2420527601557628e-08, 1.3086325422122863e-11, -1.931344761547915e-12]
[4146730.043233217, 4309951.549375897]
8456681.592609115
163221.50614268007
[0.0, 0.26121433068318173, -7.988420814281073, 0.045289218824346195, 0.02732985357999028, 5.5199211714953773e-05, -2.8604161735055496e-05, -5.657311182717559e-08, 1.262883074133979e-08, 1.5013457186466967e-11, -1.931344761547915e-12]
[10614439.529046657, 14294840.977439607]
24909280.506486263
3680401.44839295
[0.0, 0.26121433068318173, -7.892600421943309, 0.04908999983658294, 0.026607732589595534, 5.465463571729549e-05, -2.900035203308461e-05, -5.609018696053012e-08, 1.2500740687551935e-08, 1.58427683267276e-11, -2.022745694736061e-12]
[16091536.292236183, 22826128.036087953]
38917664.32832414
6734591.74385177
[0.0, 0.23587022028301038, -7.681763549686291, 0.045289218824346195, 0.026607732589595534, 5.836604968499922e-05, -2.697472314861252e-05, -5.459767402108682e-08, 1.2500740687551935e-08, 1.4006018918434438e-11, -1.931344761547915e-12]
[78018744.4619094, 108809701.7880497]
186828446.2499591
30790957.3261403
[0.0, 0.26121433068318173, -7.988420814281073, 0.045289218824346195, 0.026607732589595534, 5.5855631894744435e-05, -2.8604161735055496e-05, -5.6485214175596774e-08, 1.1425018598883988e-08, 1.5159046698133e-11, -1.931344761547915e-12]
[139677316.73176092, 191720247.84540448]
331397564.57716537
52042931.11364356
Generation:  81
[0.0, 0.26121433068318173, -7.988420814281073, 0.045289218824346195, 0.026607732589595534, 5.6147167961056084e-05, -2.8604161735055496e-05, -5.609018696053012e-08, 1.2500740687551935e-08, 1.4844102542794506e-11, -1.931344761547915e-12]
[345521.76755940646, 265525.9928891928]
611047.7604485992
79995.77467021364
[0.0, 0.26121433068318173, -7.988420814281073, 0.045289218824346195, 0.026607732589595534, 5.6147167961056084e-05, -2.8604161735055496e-05, -5.657311182717559e-08, 1.2500740687551935e-08, 1.4844102542794506e-11, -1.931344761547915e-12]
[379444.9701882677, 259213.5468120317]
638658.5170002994
120231.423376236
[0.0, 0.23587022028301038, -7.978897473712138, 0.0494953444126472, 0.026607732589595534, 5.6147167961056084e-05, -2.8604161735055496e-05, -5.657311182717559e-08, 1.2420527601557628e-08, 1.3086325422122863e-11, -1.9279269668139595e-12]
[2008449.7326448162, 1823775.1308002458]
3832224.863445062
184674.60184457037
[0.0, 0.26121433068318173, -7.988420814281073, 0.045289218824346195, 0.026184240455990642, 5.6147167961056084e-05, -2.8604161735055496e-05, -5.860275940722935e-08, 1.2500740687551935e-08, 1.391805265413953e-11, -1.931344761547915e-12]
[3033642.0066710273, 3519890.655362395]
6553532.662033422
486248.6486913678
[0.0, 0.23587022028301038, -7.988420814281073, 0.045289218824346195, 0.026607732589595534, 5.6147167961056084e-05, -2.8604161735055496e-05, -5.860275940722935e-08, 1.2461111203058905e-08, 1.3086325422122863e-11, -1.931344761547915e-12]
[3300151.7110109455, 3406680.357495411]
6706832.068506356
106528.64648446534
[0.0, 0.26121433068318173, -7.988420814281073, 0.045289218824346195, 0.026607732589595534, 5.6147167961056084e-05, -2.8604161735055496e-05, -5.657311182717559e-08, 1.2294974841287085e-08, 1.4844102542794506e-11, -1.7551110733512899e-12]
[4134778.9560142914, 5646482.713406413]
9781261.669420704
1511703.7573921215
[0.0, 0.26121433068318173, -7.988420814281073, 0.045289218824346195, 0.026607732589595534, 5.6954244465314e-05, -2.8604161735055496e-05, -5.987498240401588e-08, 1.2238645134097371e-08, 1.2143959182382167e-11, -1.931344761547915e-12]
[16417075.853553167, 18864851.10729943]
35281926.96085259
2447775.253746262
[0.0, 0.23636111040475655, -7.988420814281073, 0.045289218824346195, 0.026607732589595534, 5.6147167961056084e-05, -2.8604161735055496e-05, -5.657311182717559e-08, 1.1327939444466986e-08, 1.4844102542794506e-11, -1.931344761547915e-12]
[166995110.56074822, 228184879.0121336]
395179989.5728818
61189768.45138538