[-1.3220068007629783e-12, 0.18511407344962652, -6.290845990700533, 0.0661815141457442, 0.03810844054181745, 8.593577681382377e-05, -6.018769066655e-05, -1.2228226396090312e-07, 3.484183161e-08, 3.649390882448398e-11, -6.704152319434733e-12]
[641082.065039394, 641079.8323430812]
1282161.8973824752
2.2326963127125055
[-1.3219022324924181e-12, 0.18511407344962652, -6.290845990700533, 0.0661815141457442, 0.03810844054181745, 8.593577681382377e-05, -6.018769066655e-05, -1.2228226396090312e-07, 3.484183161e-08, 3.649390882448398e-11, -6.704152319434733e-12]
[641082.065039394, 641079.8323430812]
1282161.8973824752
2.2326963127125055
[-1.3218836945644332e-12, 0.18512567577803116, -6.290845990700533, 0.06618147574310135, 0.03810844054181745, 8.593577681382377e-05, -6.018769066655e-05, -1.2228226396090312e-07, 3.484183161e-08, 3.649390882448398e-11, -6.704152319434733e-12]
[641083.0751938897, 641078.7337077128]
1282161.8089016024
4.3414861768251285
[-1.3218588374134353e-12, 0.18946844651244116, -6.290845990700533, 0.06617842016447949, 0.03810844054181745, 8.593577681382377e-05, -6.018769066655e-05, -1.2228226396090312e-07, 3.484183161e-08, 3.6494072475491585e-11, -6.70415e-12]
[641100.5532212381, 641049.6153121295]
1282150.1685333676
50.93790910858661
[-1.3219022324924181e-12, 0.185125981914621, -6.290845990700533, 0.0661815141457442, 0.03810844054181745, 8.593577681382377e-05, -6.018769066655e-05, -1.2228226396090312e-07, 3.484183161e-08, 3.649392467994529e-11, -6.70415e-12]
[641108.2862368502, 641047.0530211327]
1282155.339257983
61.23321571748238
[-1.3219022324924181e-12, 0.185125981914621, -6.290845990700533, 0.0661815141457442, 0.03810844054181745, 8.593577681382377e-05, -6.018769066655e-05, -1.2228226396090312e-07, 3.484183161e-08, 3.649392467994529e-11, -6.70415e-12]
[641108.2862368502, 641047.0530211327]
1282155.339257983
61.23321571748238
[-1.3219022324924181e-12, 0.18511407344962652, -6.290845990700533, 0.0661815141457442, 0.03810844054181745, 8.593577681382377e-05, -6.018769066655e-05, -1.2228226396090312e-07, 3.484183161e-08, 3.649392467994529e-11, -6.70415e-12]
[641108.3811046111, 641046.9801026317]
1282155.3612072428
61.40100197936408
[-1.307261101115382e-12, 0.18511407344962652, -6.290845990700533, 0.0661815141457442, 0.03810844054181745, 8.593577681382377e-05, -6.018769066655e-05, -1.2228226396090312e-07, 3.484183161e-08, 3.649392467994529e-11, -6.70415e-12]
[641108.3811046111, 641046.9801026317]
1282155.3612072428
61.40100197936408
[-1.3219022324924181e-12, 0.18511407344962652, -6.290845990700533, 0.0661815141457442, 0.03810844054181745, 8.593577681382377e-05, -6.018769066655e-05, -1.2228226396090312e-07, 3.484183161e-08, 3.649392467994529e-11, -6.70415e-12]
[641108.3811046111, 641046.9801026317]
1282155.3612072428
61.40100197936408
[-1.3219022324924181e-12, 0.18511407344962652, -6.290845990700533, 0.0661815141457442, 0.03810844054181745, 8.593577681382377e-05, -6.018769066655e-05, -1.2228226396090312e-07, 3.484183161e-08, 3.649392467994529e-11, -6.70415e-12]
[641108.3811046111, 641046.9801026317]
1282155.3612072428
61.40100197936408
[-1.307261101115382e-12, 0.20610994076220024, -6.290451544852555, 0.0661815141457442, 0.03810844054181745, 8.593577681382377e-05, -6.018769066655e-05, -1.2228226396090312e-07, 3.484183161e-08, 3.649390882448398e-11, -6.704152319434733e-12]
[641081.755369847, 641009.454227373]
1282091.20959722
72.30114247393794
[-1.307347959213418e-12, 0.18511407344962652, -6.290518395019804, 0.06618028466857888, 0.03810844054181745, 8.593577681382377e-05, -6.018769066655e-05, -1.2228226396090312e-07, 3.484183161e-08, 3.649392467994529e-11, -6.70415e-12]
[641282.0554063923, 640843.6135414066]
1282125.668947799
438.4418649857398
[-1.3219022324924181e-12, 0.18511407344962652, -6.291319423607374, 0.06617944905443537, 0.03810844054181745, 8.593090447427389e-05, -6.018769066655e-05, -1.2229030095827418e-07, 3.484183161e-08, 3.649392467994529e-11, -6.70415e-12]
[642817.1939933456, 639224.3322333782]
1282041.5262267238
3592.8617599674035
[-1.3219022324924181e-12, 0.18511407344962652, -6.290845990700533, 0.0661815141457442, 0.03810844054181745, 8.593577681382377e-05, -6.018769066655e-05, -1.2228632026683312e-07, 3.4841394052648915e-08, 3.649392467994529e-11, -6.70415e-12]
[639061.8583332233, 643685.1581283882]
1282747.0164616115
4623.2997951649595
[-1.3219022324924181e-12, 0.18511407344962652, -6.290845990700533, 0.0661794376827419, 0.03810844054181745, 8.593577681382377e-05, -6.018769066655e-05, -1.2228226396090312e-07, 3.484183161e-08, 3.649392467994529e-11, -6.703806865764475e-12]
[646111.5226806134, 635101.7990558215]
1281213.321736435
11009.72362479195
[-1.3218588374134353e-12, 0.18946844651244116, -6.290845990700533, 0.06617860420782336, 0.03810844054181745, 8.593577681382377e-05, -6.018769066655e-05, -1.2228226396090312e-07, 3.484191719094169e-08, 3.649416806187594e-11, -6.703597928455533e-12]
[649651.3484191595, 631095.2346247701]
1280746.5830439297
18556.113794389414
[-1.3218525667704862e-12, 0.18511193476895224, -6.290845990700533, 0.0661815141457442, 0.03810844054181745, 8.593030339609907e-05, -6.018769066655e-05, -1.2228226396090312e-07, 3.484183161e-08, 3.649390882448398e-11, -6.703485457430329e-12]
[651224.8999870889, 629364.832222512]
1280589.732209601
21860.067764576874
[-1.307261101115382e-12, 0.20610994076220024, -6.290451544852555, 0.06618738853585585, 0.03810844054181745, 8.593577681382377e-05, -6.018769066655e-05, -1.2228226396090312e-07, 3.4843494870747105e-08, 3.649392467994529e-11, -6.70415e-12]
[651994.8820695822, 628664.1632611065]
1280659.0453306888
23330.718808475765
[-1.3218588374134353e-12, 0.18946844651244116, -6.290845990700533, 0.06617842016447949, 0.03810844054181745, 8.59308416794463e-05, -6.018769066655e-05, -1.2228226396090312e-07, 3.4844736578284376e-08, 3.6494072475491585e-11, -6.70415e-12]
[661181.5472341893, 619359.4068639021]
1280540.9540980915
41822.140370287234
[-1.3218305779993385e-12, 0.18512567577803116, -6.290896776695449, 0.0661815141457442, 0.03810844054181745, 8.593577681382377e-05, -6.018769066655e-05, -1.2229349660350422e-07, 3.4838576869542844e-08, 3.649392467994529e-11, -6.70415e-12]
[623541.1321504444, 666045.778446375]
1289586.9105968196
42504.64629593061
Generation:  14
[-1.3219022324924181e-12, 0.18511586224816146, -6.290845990700533, 0.0661815141457442, 0.03810844054181745, 8.593577681382377e-05, -6.018769066655e-05, -1.2228226396090312e-07, 3.484183161e-08, 3.649390882448398e-11, -6.704152319434733e-12]
[641082.0507876368, 641079.8432937886]
1282161.8940814254
2.20749384816736
[-1.3220068007629783e-12, 0.18511407344962652, -6.290845990700533, 0.0661815141457442, 0.03810844054181745, 8.593577681382377e-05, -6.018769066655e-05, -1.2228226396090312e-07, 3.484183161e-08, 3.649390882448398e-11, -6.704152319434733e-12]
[641082.065039394, 641079.8323430812]
1282161.8973824752
2.2326963127125055
[-1.3219022324924181e-12, 0.18511407344962652, -6.290845990700533, 0.0661815141457442, 0.03810844054181745, 8.593577681382377e-05, -6.018769066655e-05, -1.2228226396090312e-07, 3.484183161e-08, 3.649390882448398e-11, -6.704152319434733e-12]
[641082.065039394, 641079.8323430812]
1282161.8973824752
2.2326963127125055
[-1.3218836945644332e-12, 0.18512567577803116, -6.290845990700533, 0.06618147574310135, 0.03810844054181745, 8.593577681382377e-05, -6.018769066655e-05, -1.2228226396090312e-07, 3.484183161e-08, 3.649390882448398e-11, -6.704152319434733e-12]
[641083.0751938897, 641078.7337077128]
1282161.8089016024
4.3414861768251285
[-1.3218588374134353e-12, 0.18946844651244116, -6.290845990700533, 0.06617842016447949, 0.03810844054181745, 8.593577681382377e-05, -6.018769066655e-05, -1.2228226396090312e-07, 3.484183161e-08, 3.6494072475491585e-11, -6.70415e-12]
[641100.5532212381, 641049.6153121295]
1282150.1685333676
50.93790910858661
[-1.3219022324924181e-12, 0.185125981914621, -6.290845990700533, 0.0661815141457442, 0.03810844054181745, 8.593577681382377e-05, -6.018769066655e-05, -1.2228226396090312e-07, 3.484183161e-08, 3.649392467994529e-11, -6.70415e-12]
[641108.2862368502, 641047.0530211327]
1282155.339257983
61.23321571748238
[-1.3219022324924181e-12, 0.185125981914621, -6.290845990700533, 0.0661815141457442, 0.03810844054181745, 8.593577681382377e-05, -6.018769066655e-05, -1.2228226396090312e-07, 3.484183161e-08, 3.649392467994529e-11, -6.70415e-12]
[641108.2862368502, 641047.0530211327]
1282155.339257983
61.23321571748238
[-1.3218836945644332e-12, 0.18512567577803116, -6.290845990700533, 0.0661858433390485, 0.03810844054181745, 8.593577681382377e-05, -6.018769066655e-05, -1.2228226396090312e-07, 3.484183161e-08, 3.649392467994529e-11, -6.70415e-12]
[640984.056628767, 641178.9968004865]
1282163.0534292534
194.94017171941232
[-1.3219022324924181e-12, 0.185125981914621, -6.290845990700533, 0.0661815141457442, 0.03810844054181745, 8.593577681382377e-05, -6.018769066655e-05, -1.2227736960434199e-07, 3.484183161e-08, 3.649392467994529e-11, -6.70415e-12]
[640214.3467408421, 642029.9437349597]
1282244.2904758018
1815.5969941176008
[-1.3219022324924181e-12, 0.18511407344962652, -6.290845990700533, 0.0661815141457442, 0.03810844054181745, 8.593913506251367e-05, -6.018769066655e-05, -1.2228226396090312e-07, 3.484183161e-08, 3.6490943583337264e-11, -6.70415e-12]
[642103.3002989852, 639907.9990262853]
1282011.2993252706
2195.3012726999586
[-1.3219022324924181e-12, 0.18511407344962652, -6.290845990700533, 0.0661815141457442, 0.03810844054181745, 8.593577681382377e-05, -6.018769066655e-05, -1.2228226396090312e-07, 3.484183161e-08, 3.6497077580360926e-11, -6.70415e-12]
[639789.048760351, 642548.4245007266]
1282337.4732610777
2759.3757403756026
[-1.3218588374134353e-12, 0.18946844651244116, -6.290845990700533, 0.06617842016447949, 0.03810671510151956, 8.593577681382377e-05, -6.018769066655e-05, -1.2228226396090312e-07, 3.484183161e-08, 3.649392467994529e-11, -6.70415e-12]
[639154.408386767, 643649.4832350067]
1282803.8916217736
4495.074848239659
[-1.3219022324924181e-12, 0.18511407344962652, -6.290845990700533, 0.0661815141457442, 0.03810844054181745, 8.593577681382377e-05, -6.018769066655e-05, -1.2229447562843187e-07, 3.484183161e-08, 3.649392467994529e-11, -6.70415e-12]
[643350.6215588666, 638610.8238771168]
1281961.4454359834
4739.797681749798
[-1.3218836945644332e-12, 0.18512567577803116, -6.290845990700533, 0.06618147574310135, 0.03810844054181745, 8.592871193495009e-05, -6.0186933787601736e-05, -1.2228226396090312e-07, 3.484183161e-08, 3.649392467994529e-11, -6.70415e-12]
[643803.3681030237, 637824.3958413027]
1281627.7639443264
5978.9722617210355
[-1.307261101115382e-12, 0.18511407344962652, -6.290845990700533, 0.06618172357146922, 0.03810844054181745, 8.593577681382377e-05, -6.018769066655e-05, -1.2228226396090312e-07, 3.484183161e-08, 3.649392467994529e-11, -6.703928890700018e-12]
[644272.8135581131, 637242.286065534]
1281515.099623647
7030.527492579073
[-1.3219022324924181e-12, 0.18510728186614867, -6.290845990700533, 0.0661815141457442, 0.03810844054181745, 8.593577681382377e-05, -6.018769066655e-05, -1.222702374633744e-07, 3.4841357245930886e-08, 3.649392467994529e-11, -6.70415e-12]
[635886.6217941012, 647205.5129189409]
1283092.134713042
11318.891124839662
[-1.3219022324924181e-12, 0.18512567577803116, -6.290845990700533, 0.06618147574310135, 0.03810844054181745, 8.593577681382377e-05, -6.018769066655e-05, -1.2228226396090312e-07, 3.484183161e-08, 3.649390882448398e-11, -6.7045646556754034e-12]
[635319.7942359329, 648392.1409366159]
1283711.9351725488
13072.346700683003
[-1.3219022324924181e-12, 0.18511407344962652, -6.290845990700533, 0.0661815141457442, 0.03810844054181745, 8.593577681382377e-05, -6.018769066655e-05, -1.2228226396090312e-07, 3.484183161e-08, 3.649242866895431e-11, -6.703706315606453e-12]
[648150.1292277258, 632766.8718699872]
1280917.0010977131
15383.257357738563
[-1.3218300812578438e-12, 0.18512567577803116, -6.291046205155968, 0.06618147574310135, 0.03810844054181745, 8.593577681382377e-05, -6.018769066655e-05, -1.2227732676804288e-07, 3.484183161e-08, 3.649390882448398e-11, -6.7046290426088635e-12]
[633450.160315404, 650655.8761482039]
1284106.0364636078
17205.715832799906
[-1.3218588374134353e-12, 0.18946844651244116, -6.290845990700533, 0.0661815141457442, 0.03810844054181745, 8.593577681382377e-05, -6.018234980548397e-05, -1.2228226396090312e-07, 3.484183161e-08, 3.649390882448398e-11, -6.704106935486974e-12]
[657606.7386035605, 622653.7473515638]
1280260.4859551243
34952.99125199672
Generation:  15
[-1.3219022324924181e-12, 0.18511586224816146, -6.290845990700533, 0.0661815141457442, 0.03810844054181745, 8.593577681382377e-05, -6.018769066655e-05, -1.2228226396090312e-07, 3.484183161e-08, 3.649390882448398e-11, -6.704152319434733e-12]
[641082.0507876368, 641079.8432937886]
1282161.8940814254
2.20749384816736
[-1.3220068007629783e-12, 0.18511407344962652, -6.290845990700533, 0.0661815141457442, 0.03810844054181745, 8.593577681382377e-05, -6.018769066655e-05, -1.2228226396090312e-07, 3.484183161e-08, 3.649390882448398e-11, -6.704152319434733e-12]
[641082.065039394, 641079.8323430812]
1282161.8973824752
2.2326963127125055
[-1.3219022324924181e-12, 0.18511407344962652, -6.290845990700533, 0.0661815141457442, 0.03810844054181745, 8.593577681382377e-05, -6.018769066655e-05, -1.2228226396090312e-07, 3.484183161e-08, 3.649390882448398e-11, -6.704152319434733e-12]
[641082.065039394, 641079.8323430812]
1282161.8973824752
2.2326963127125055
[-1.3218836945644332e-12, 0.18512567577803116, -6.290845990700533, 0.06618147574310135, 0.03810844054181745, 8.593577681382377e-05, -6.018769066655e-05, -1.2228226396090312e-07, 3.484183161e-08, 3.649390882448398e-11, -6.704152319434733e-12]
[641083.0751938897, 641078.7337077128]
1282161.8089016024
4.3414861768251285
[-1.3218588374134353e-12, 0.18946844651244116, -6.290845990700533, 0.06617842016447949, 0.03810844054181745, 8.593577681382377e-05, -6.018769066655e-05, -1.2228226396090312e-07, 3.484183161e-08, 3.6494072475491585e-11, -6.70415e-12]
[641100.5532212381, 641049.6153121295]
1282150.1685333676
50.93790910858661
[-1.3219022324924181e-12, 0.18511407344962652, -6.290907459840001, 0.0661815141457442, 0.03810844054181745, 8.593577681382377e-05, -6.018769066655e-05, -1.2228226396090312e-07, 3.484183161e-08, 3.649390882448398e-11, -6.704152319434733e-12]
[641056.1463912983, 641111.0202131094]
1282167.1666044076
54.873821811168455
[-1.3219022324924181e-12, 0.185125981914621, -6.290845990700533, 0.0661815141457442, 0.03810844054181745, 8.593577681382377e-05, -6.018769066655e-05, -1.2228226396090312e-07, 3.484183161e-08, 3.649392467994529e-11, -6.70415e-12]
[641108.2862368502, 641047.0530211327]
1282155.339257983
61.23321571748238
[-1.3219022324924181e-12, 0.18511586224816146, -6.290845990700533, 0.0661815141457442, 0.03810844054181745, 8.593577681382377e-05, -6.018769066655e-05, -1.2228226396090312e-07, 3.484183161e-08, 3.649392467994529e-11, -6.70415e-12]
[641108.3668542849, 641046.991055869]
1282155.357910154
61.3757984158583
[-1.3218836945644332e-12, 0.18512567577803116, -6.290845990700533, 0.06618147574310135, 0.03810844054181745, 8.593577681382377e-05, -6.018769066655e-05, -1.2228226396090312e-07, 3.484183161e-08, 3.649392467994529e-11, -6.70415e-12]
[641109.391197114, 641045.8813872036]
1282155.2725843177
63.50980991043616
[-1.3218900288750443e-12, 0.18510548590199846, -6.290845990700533, 0.0661815141457442, 0.03810844054181745, 8.593577681382377e-05, -6.018769066655e-05, -1.2228226396090312e-07, 3.484183161e-08, 3.6494072475491585e-11, -6.70415e-12]
[641046.4881610896, 641117.149275862]
1282163.6374369515
70.66111477243248
[-1.3219022324924181e-12, 0.185125981914621, -6.290845990700533, 0.0661815141457442, 0.03810844054181745, 8.593577681382377e-05, -6.018769066655e-05, -1.2228226396090312e-07, 3.484183161e-08, 3.6494072475491585e-11, -6.70415e-12]
[641046.3249575697, 641117.2748825077]
1282163.5998400776
70.94992493803147
[-1.3219022324924181e-12, 0.18512168441975801, -6.290845990700533, 0.06617842016447949, 0.03810844054181745, 8.593577681382377e-05, -6.018769066655e-05, -1.2228226396090312e-07, 3.484183161e-08, 3.6494072475491585e-11, -6.70415e-12]
[641135.1901553816, 641023.0097899527]
1282158.1999453343
112.18036542891059
[-1.3219022324924181e-12, 0.185125981914621, -6.290845990700533, 0.06618265542185862, 0.03810844054181745, 8.593577681382377e-05, -6.018769066655e-05, -1.2228182563021245e-07, 3.484183161e-08, 3.649392467994529e-11, -6.70415e-12]
[640995.3671689758, 641169.7140855511]
1282165.081254527
174.34691657533403
[-1.3219022324924181e-12, 0.185125981914621, -6.290845990700533, 0.0661815141457442, 0.03810844054181745, 8.593577681382377e-05, -6.018769066655e-05, -1.2228226396090312e-07, 3.484183161e-08, 3.6491158196043903e-11, -6.704152319434733e-12]
[642237.2802860524, 639775.908377819]
1282013.1886638715
2461.3719082333846
[-1.3219022324924181e-12, 0.18511407344962652, -6.290373870895932, 0.0661815141457442, 0.03810844054181745, 8.593577681382377e-05, -6.018769066655e-05, -1.2228226396090312e-07, 3.484183161e-08, 3.6490943583337264e-11, -6.70415e-12]
[642559.8891933049, 639394.4750397789]
1281954.3642330838
3165.4141535260715
[-1.3220068007629783e-12, 0.18511407344962652, -6.290845990700533, 0.0661815141457442, 0.03810844054181745, 8.593577681382377e-05, -6.0186404299411186e-05, -1.222710202532326e-07, 3.484183161e-08, 3.649158526096996e-11, -6.704152319434733e-12]
[643684.844086665, 637773.995286311]
1281458.839372976
5910.848800353939
[-1.3218836945644332e-12, 0.18512567577803116, -6.290845990700533, 0.06618147574310135, 0.038105730484448624, 8.593577681382377e-05, -6.018769066655e-05, -1.2228226396090312e-07, 3.484183161e-08, 3.6494072475491585e-11, -6.70415e-12]
[637909.3139040683, 645331.534263504]
1283240.8481675722
7422.220359435654
[-1.3219432482063313e-12, 0.18511586224816146, -6.290845990700533, 0.0661815141457442, 0.03810844054181745, 8.593577681382377e-05, -6.018769066655e-05, -1.2228226396090312e-07, 3.484183161e-08, 3.649390882448398e-11, -6.704392863475472e-12]
[637696.5198753261, 645313.85629646]
1283010.376171786
7617.33642113395
[-1.3218989919481042e-12, 0.18514114713403115, -6.290845990700533, 0.0661815141457442, 0.038112000137905624, 8.593577681382377e-05, -6.018769066655e-05, -1.2228226396090312e-07, 3.484183161e-08, 3.649392467994529e-11, -6.70415e-12]
[645365.5248344888, 635695.1092318285]
1281060.6340663172
9670.415602660272
[-1.3218836945644332e-12, 0.18512567577803116, -6.290845990700533, 0.0661858433390485, 0.03810844054181745, 8.593665706629335e-05, -6.0184086973834546e-05, -1.2228226396090312e-07, 3.484183161e-08, 3.6490943583337264e-11, -6.70415e-12]
[652691.4623184236, 627632.2137462078]
1280323.6760646314
25059.248572215787
Generation:  16
[-1.3219022324924181e-12, 0.1851317036749809, -6.290848736116835, 0.0661815141457442, 0.03810844054181745, 8.593577681382377e-05, -6.018769066655e-05, -1.2228226396090312e-07, 3.484183161e-08, 3.649390882448398e-11, -6.704152319434733e-12]
[641080.7667101936, 641081.3328906585]
1282162.099600852
0.5661804649280384
[-1.3219022324924181e-12, 0.18511586224816146, -6.290845990700533, 0.0661815141457442, 0.03810844054181745, 8.593577681382377e-05, -6.018769066655e-05, -1.2228226396090312e-07, 3.484183161e-08, 3.649390882448398e-11, -6.704152319434733e-12]
[641082.0507876368, 641079.8432937886]
1282161.8940814254
2.20749384816736
[-1.3220068007629783e-12, 0.18511407344962652, -6.290845990700533, 0.0661815141457442, 0.03810844054181745, 8.593577681382377e-05, -6.018769066655e-05, -1.2228226396090312e-07, 3.484183161e-08, 3.649390882448398e-11, -6.704152319434733e-12]
[641082.065039394, 641079.8323430812]
1282161.8973824752
2.2326963127125055
[-1.3219022324924181e-12, 0.18511407344962652, -6.290845990700533, 0.0661815141457442, 0.03810844054181745, 8.593577681382377e-05, -6.018769066655e-05, -1.2228226396090312e-07, 3.484183161e-08, 3.649390882448398e-11, -6.704152319434733e-12]
[641082.065039394, 641079.8323430812]
1282161.8973824752
2.2326963127125055
[-1.3220068007629783e-12, 0.18511407344962652, -6.290845990700533, 0.0661815141457442, 0.03810844054181745, 8.593577681382377e-05, -6.018769066655e-05, -1.2228226396090312e-07, 3.484183161e-08, 3.649390882448398e-11, -6.704152319434733e-12]
[641082.065039394, 641079.8323430812]
1282161.8973824752
2.2326963127125055
[-1.3218836945644332e-12, 0.18512567577803116, -6.290845990700533, 0.06618147574310135, 0.03810844054181745, 8.593577681382377e-05, -6.018769066655e-05, -1.2228226396090312e-07, 3.484183161e-08, 3.649390882448398e-11, -6.704152319434733e-12]
[641083.0751938897, 641078.7337077128]
1282161.8089016024
4.3414861768251285
[-1.3218836945644332e-12, 0.18512567577803116, -6.290845990700533, 0.06618147574310135, 0.03810844054181745, 8.593577681382377e-05, -6.018769066655e-05, -1.2228226396090312e-07, 3.484183161e-08, 3.649390882448398e-11, -6.704152319434733e-12]
[641083.0751938897, 641078.7337077128]
1282161.8089016024
4.3414861768251285
[-1.3218588374134353e-12, 0.18946844651244116, -6.290845990700533, 0.06617842016447949, 0.03810844054181745, 8.593577681382377e-05, -6.018769066655e-05, -1.2228226396090312e-07, 3.484183161e-08, 3.6494072475491585e-11, -6.70415e-12]
[641100.5532212381, 641049.6153121295]
1282150.1685333676
50.93790910858661
[-1.3219022324924181e-12, 0.18946844651244116, -6.290845990700533, 0.06617842016447949, 0.03810844054181745, 8.593577681382377e-05, -6.018769066655e-05, -1.2228226396090312e-07, 3.484183161e-08, 3.6494072475491585e-11, -6.70415e-12]
[641100.5532212381, 641049.6153121295]
1282150.1685333676
50.93790910858661
[-1.3219022324924181e-12, 0.18511407344962652, -6.290907459840001, 0.0661815141457442, 0.03810844054181745, 8.593577681382377e-05, -6.018769066655e-05, -1.2228226396090312e-07, 3.484183161e-08, 3.649390882448398e-11, -6.704152319434733e-12]
[641056.1463912983, 641111.0202131094]
1282167.1666044076
54.873821811168455
[-1.3217955703964218e-12, 0.18511407344962652, -6.290845990700533, 0.0661815141457442, 0.03810844054181745, 8.593577681382377e-05, -6.018769066655e-05, -1.2228226396090312e-07, 3.484183161e-08, 3.649392467994529e-11, -6.70415e-12]
[641108.3811046111, 641046.9801026317]
1282155.3612072428
61.40100197936408
[-1.3217646523567055e-12, 0.18946844651244116, -6.290845990700533, 0.06617842016447949, 0.03810844054181745, 8.593577681382377e-05, -6.018769066655e-05, -1.2228226396090312e-07, 3.484183161e-08, 3.649390882448398e-11, -6.704152319434733e-12]
[641136.2088020805, 641012.2584444867]
1282148.4672465671
123.95035759382881
[-1.3219022324924181e-12, 0.18511407344962652, -6.290845990700533, 0.0661755723569636, 0.03810844054181745, 8.593577681382377e-05, -6.018769066655e-05, -1.2228226396090312e-07, 3.484183161e-08, 3.6494072475491585e-11, -6.70415e-12]
[641217.0650343577, 640936.29140327]
1282153.3564376277
280.77363108773716
[-1.3219391512347398e-12, 0.1851170977157956, -6.290845990700533, 0.06618147574310135, 0.038105915575937344, 8.593577681382377e-05, -6.018769066655e-05, -1.2228226396090312e-07, 3.484183161e-08, 3.649390882448398e-11, -6.703985030127007e-12]
[640502.7323238711, 642046.8377208137]
1282549.5700446847
1544.1053969425848
[-1.3220068007629783e-12, 0.18511407344962652, -6.290845990700533, 0.06617608641375328, 0.03810844054181745, 8.59281198332468e-05, -6.018769066655e-05, -1.2228297342657335e-07, 3.484183161e-08, 3.6492664867307675e-11, -6.704152319434733e-12]
[642477.5254458215, 639558.6292441763]
1282036.154689998
2918.8962016451405
[-1.3219022324924181e-12, 0.18511586224816146, -6.290944499612024, 0.0661815141457442, 0.03810844054181745, 8.593577681382377e-05, -6.018769066655e-05, -1.2227273862830564e-07, 3.484183161e-08, 3.649392467994529e-11, -6.70415e-12]
[639329.4854314363, 643013.0592932227]
1282342.544724659
3683.573861786397
[-1.3219022324924181e-12, 0.18511586224816146, -6.290845990700533, 0.0661815141457442, 0.03810844054181745, 8.593577681382377e-05, -6.018538835140633e-05, -1.2228226396090312e-07, 3.484183161e-08, 3.649392467994529e-11, -6.704737161969906e-12]
[639279.8280854628, 643185.4496358105]
1282465.2777212732
3905.621550347656
[-1.3218836945644332e-12, 0.18512567577803116, -6.290845990700533, 0.06618147574310135, 0.03810844054181745, 8.593577681382377e-05, -6.018769066655e-05, -1.2227174805927268e-07, 3.484183161e-08, 3.649390882448398e-11, -6.704152319434733e-12]
[639165.6089504786, 643195.0435350107]
1282360.6524854894
4029.4345845320495
[-1.3219022324924181e-12, 0.18511212219170772, -6.290630831226086, 0.0661815141457442, 0.03810844054181745, 8.593577681382377e-05, -6.0192407053801916e-05, -1.2228226396090312e-07, 3.484183161e-08, 3.649390882448398e-11, -6.704152319434733e-12]
[628419.9090074046, 658354.5912904629]
1286774.5002978675
29934.682283058297
[-1.3218588374134353e-12, 0.18946844651244116, -6.290845990700533, 0.06617842016447949, 0.03811103732853262, 8.593577681382377e-05, -6.018769066655e-05, -1.222734991930238e-07, 3.483888672734762e-08, 3.6494072475491585e-11, -6.70415e-12]
[624271.9895311365, 662756.6147038175]
1287028.6042349539
38484.62517268106
^CTraceback (most recent call last):
  File "code.py", line 268, in <module>
    child = parent1.mate(parent2) 
  File "code.py", line 96, in mate
    return Individual(child_chromo)
  File "code.py", line 58, in __init__
    self.fitness = self.calc_fitness()
  File "code.py", line 64, in calc_fitness
    err = get_errors('3a1bPcaPVlB2IaaIobK7p1oDI8GTMwxcXET6VNPD3Rv5UAeaOp'   , self.chromo)
  File "code.py", line 26, in get_errors
    return json.loads(send_request(id, vector, 'geterrors'))
  File "code.py", line 46, in send_request
    response = requests.post(api, data={'id':id, 'vector':vector}).text
  File "/home/yash/.local/lib/python3.7/site-packages/requests/api.py", line 116, in post
    return request('post', url, data=data, json=json, **kwargs)
  File "/home/yash/.local/lib/python3.7/site-packages/requests/api.py", line 60, in request
    return session.request(method=method, url=url, **kwargs)
  File "/home/yash/.local/lib/python3.7/site-packages/requests/sessions.py", line 524, in request
    resp = self.send(prep, **send_kwargs)
  File "/home/yash/.local/lib/python3.7/site-packages/requests/sessions.py", line 637, in send
    r = adapter.send(request, **kwargs)
  File "/home/yash/.local/lib/python3.7/site-packages/requests/adapters.py", line 449, in send
    timeout=timeout
  File "/usr/lib/python3/dist-packages/urllib3/connectionpool.py", line 600, in urlopen
    chunked=chunked)
  File "/usr/lib/python3/dist-packages/urllib3/connectionpool.py", line 354, in _make_request
    conn.request(method, url, **httplib_request_kw)
  File "/usr/lib/python3.7/http/client.py", line 1252, in request
    self._send_request(method, url, body, headers, encode_chunked)
  File "/usr/lib/python3.7/http/client.py", line 1298, in _send_request
    self.endheaders(body, encode_chunked=encode_chunked)
  File "/usr/lib/python3.7/http/client.py", line 1247, in endheaders
    self._send_output(message_body, encode_chunked=encode_chunked)
  File "/usr/lib/python3.7/http/client.py", line 1026, in _send_output
    self.send(msg)
  File "/usr/lib/python3.7/http/client.py", line 966, in send
    self.connect()
  File "/usr/lib/python3/dist-packages/urllib3/connection.py", line 181, in connect
    conn = self._new_conn()
  File "/usr/lib/python3/dist-packages/urllib3/connection.py", line 159, in _new_conn
    (self._dns_host, self.port), self.timeout, **extra_kw)
  File "/usr/lib/python3/dist-packages/urllib3/util/connection.py", line 70, in create_connection
    sock.connect(sa)
KeyboardInterrupt
yash➜ML/ass3/MDL_Assignment_3(master✗)» python3 code.py                                                                                                                            [17:11:24]
Traceback (most recent call last):
  File "code.py", line 250, in <module>
    [-1.3218836945644332e-12, 0.18512567577803116, -6.290845990700533, 0.06618147574310135, 0.03810844054181745, 8.593577681382377e-05, -6.018769066655e-05, -1.2228226396090312e-07, 3.484183161e-08, 3.649392467994529e-11, -6.70415e-12],
TypeError: list indices must be integers or slices, not tuple
yash➜ML/ass3/MDL_Assignment_3(master✗)» python3 code.py                                                                                                                            [17:11:27]
population 21
Generation:  1
[-1.3218836945644332e-12, 0.18512567577803116, -6.290845990700533, 0.0661858433390485, 0.03810844054181745, 8.593665706629335e-05, -6.0184086973834546e-05, -1.2228226396090312e-07, 3.484183161e-08, 3.6490943583337264e-11, -6.70415e-12]
[652691.4623184236, 627632.2137462078]
1280323.6760646314
25059.248572215787
[-1.3218989919481042e-12, 0.18514114713403115, -6.290845990700533, 0.0661815141457442, 0.038112000137905624, 8.593577681382377e-05, -6.018769066655e-05, -1.2228226396090312e-07, 3.484183161e-08, 3.649392467994529e-11, -6.70415e-12]
[645365.5248344888, 635695.1092318285]
1281060.6340663172
9670.415602660272
[-1.3220068007629783e-12, 0.18511407344962652, -6.290845990700533, 0.0661815141457442, 0.03810844054181745, 8.593577681382377e-05, -6.0186404299411186e-05, -1.222710202532326e-07, 3.484183161e-08, 3.649158526096996e-11, -6.704152319434733e-12]
[643684.844086665, 637773.995286311]
1281458.839372976
5910.848800353939
[-1.3219022324924181e-12, 0.18511407344962652, -6.290373870895932, 0.0661815141457442, 0.03810844054181745, 8.593577681382377e-05, -6.018769066655e-05, -1.2228226396090312e-07, 3.484183161e-08, 3.6490943583337264e-11, -6.70415e-12]
[642559.8891933049, 639394.4750397789]
1281954.3642330838
3165.4141535260715
[-1.3219022324924181e-12, 0.185125981914621, -6.290845990700533, 0.0661815141457442, 0.03810844054181745, 8.593577681382377e-05, -6.018769066655e-05, -1.2228226396090312e-07, 3.484183161e-08, 3.6491158196043903e-11, -6.704152319434733e-12]
[642237.2802860524, 639775.908377819]
1282013.1886638715
2461.3719082333846
[-1.3218588374134353e-12, 0.18946844651244116, -6.290845990700533, 0.06617842016447949, 0.03810844054181745, 8.593577681382377e-05, -6.018769066655e-05, -1.2228226396090312e-07, 3.484183161e-08, 3.6494072475491585e-11, -6.70415e-12]
[641100.5532212381, 641049.6153121295]
1282150.1685333676
50.93790910858661
[-1.3218836945644332e-12, 0.18512567577803116, -6.290845990700533, 0.06618147574310135, 0.03810844054181745, 8.593577681382377e-05, -6.018769066655e-05, -1.2228226396090312e-07, 3.484183161e-08, 3.649392467994529e-11, -6.70415e-12]
[641109.391197114, 641045.8813872036]
1282155.2725843177
63.50980991043616
[-1.3219022324924181e-12, 0.185125981914621, -6.290845990700533, 0.0661815141457442, 0.03810844054181745, 8.593577681382377e-05, -6.018769066655e-05, -1.2228226396090312e-07, 3.484183161e-08, 3.649392467994529e-11, -6.70415e-12]
[641108.2862368502, 641047.0530211327]
1282155.339257983
61.23321571748238
[-1.3219022324924181e-12, 0.18511586224816146, -6.290845990700533, 0.0661815141457442, 0.03810844054181745, 8.593577681382377e-05, -6.018769066655e-05, -1.2228226396090312e-07, 3.484183161e-08, 3.649392467994529e-11, -6.70415e-12]
[641108.3668542849, 641046.991055869]
1282155.357910154
61.3757984158583
[-1.3219022324924181e-12, 0.18512168441975801, -6.290845990700533, 0.06617842016447949, 0.03810844054181745, 8.593577681382377e-05, -6.018769066655e-05, -1.2228226396090312e-07, 3.484183161e-08, 3.6494072475491585e-11, -6.70415e-12]
[641135.1901553816, 641023.0097899527]
1282158.1999453343
112.18036542891059
[-1.3218836945644332e-12, 0.18512567577803116, -6.290845990700533, 0.06618147574310135, 0.03810844054181745, 8.593577681382377e-05, -6.018769066655e-05, -1.2228226396090312e-07, 3.484183161e-08, 3.649390882448398e-11, -6.704152319434733e-12]
[641083.0751938897, 641078.7337077128]
1282161.8089016024
4.3414861768251285
[-1.3219022324924181e-12, 0.18511586224816146, -6.290845990700533, 0.0661815141457442, 0.03810844054181745, 8.593577681382377e-05, -6.018769066655e-05, -1.2228226396090312e-07, 3.484183161e-08, 3.649390882448398e-11, -6.704152319434733e-12]
[641082.0507876368, 641079.8432937886]
1282161.8940814254
2.20749384816736
[-1.3220068007629783e-12, 0.18511407344962652, -6.290845990700533, 0.0661815141457442, 0.03810844054181745, 8.593577681382377e-05, -6.018769066655e-05, -1.2228226396090312e-07, 3.484183161e-08, 3.649390882448398e-11, -6.704152319434733e-12]
[641082.065039394, 641079.8323430812]
1282161.8973824752
2.2326963127125055
[-1.3219022324924181e-12, 0.18511407344962652, -6.290845990700533, 0.0661815141457442, 0.03810844054181745, 8.593577681382377e-05, -6.018769066655e-05, -1.2228226396090312e-07, 3.484183161e-08, 3.649390882448398e-11, -6.704152319434733e-12]
[641082.065039394, 641079.8323430812]
1282161.8973824752
2.2326963127125055
[-1.3219022324924181e-12, 0.1851317036749809, -6.290848736116835, 0.0661815141457442, 0.03810844054181745, 8.593577681382377e-05, -6.018769066655e-05, -1.2228226396090312e-07, 3.484183161e-08, 3.649390882448398e-11, -6.704152319434733e-12]
[641080.7667101936, 641081.3328906585]
1282162.099600852
0.5661804649280384
[-1.3219022324924181e-12, 0.185125981914621, -6.290845990700533, 0.0661815141457442, 0.03810844054181745, 8.593577681382377e-05, -6.018769066655e-05, -1.2228226396090312e-07, 3.484183161e-08, 3.6494072475491585e-11, -6.70415e-12]
[641046.3249575697, 641117.2748825077]
1282163.5998400776
70.94992493803147
[-1.3218900288750443e-12, 0.18510548590199846, -6.290845990700533, 0.0661815141457442, 0.03810844054181745, 8.593577681382377e-05, -6.018769066655e-05, -1.2228226396090312e-07, 3.484183161e-08, 3.6494072475491585e-11, -6.70415e-12]
[641046.4881610896, 641117.149275862]
1282163.6374369515
70.66111477243248
[-1.3219022324924181e-12, 0.185125981914621, -6.290845990700533, 0.06618265542185862, 0.03810844054181745, 8.593577681382377e-05, -6.018769066655e-05, -1.2228182563021245e-07, 3.484183161e-08, 3.649392467994529e-11, -6.70415e-12]
[640995.3671689758, 641169.7140855511]
1282165.081254527
174.34691657533403
[-1.3219022324924181e-12, 0.18511407344962652, -6.290907459840001, 0.0661815141457442, 0.03810844054181745, 8.593577681382377e-05, -6.018769066655e-05, -1.2228226396090312e-07, 3.484183161e-08, 3.649390882448398e-11, -6.704152319434733e-12]
[641056.1463912983, 641111.0202131094]
1282167.1666044076
54.873821811168455
[-1.3219432482063313e-12, 0.18511586224816146, -6.290845990700533, 0.0661815141457442, 0.03810844054181745, 8.593577681382377e-05, -6.018769066655e-05, -1.2228226396090312e-07, 3.484183161e-08, 3.649390882448398e-11, -6.704392863475472e-12]
[637696.5198753261, 645313.85629646]
1283010.376171786
7617.33642113395
[-1.3218836945644332e-12, 0.18512567577803116, -6.290845990700533, 0.06618147574310135, 0.038105730484448624, 8.593577681382377e-05, -6.018769066655e-05, -1.2228226396090312e-07, 3.484183161e-08, 3.6494072475491585e-11, -6.70415e-12]
[637909.3139040683, 645331.534263504]
1283240.8481675722
7422.220359435654
Generation:  2
[-1.3218836945644332e-12, 0.18512567577803116, -6.290845990700533, 0.0661858433390485, 0.03810844054181745, 8.593665706629335e-05, -6.0184086973834546e-05, -1.2228226396090312e-07, 3.484183161e-08, 3.6490943583337264e-11, -6.70415e-12]
[652691.4623184236, 627632.2137462078]
1280323.6760646314
25059.248572215787
[-1.3218836945644332e-12, 0.18512567577803116, -6.290845990700533, 0.0661858433390485, 0.03810808325224201, 8.593665706629335e-05, -6.0184086973834546e-05, -1.2228226396090312e-07, 3.484183161e-08, 3.649069817318462e-11, -6.70415e-12]
[652342.9230351369, 628020.0569442378]
1280362.9799793747
24322.8660908991
[-1.3220068007629783e-12, 0.18511407344962652, -6.290845990700533, 0.0661815141457442, 0.03810844054181745, 8.593577681382377e-05, -6.018769066655e-05, -1.2228226396090312e-07, 3.4842927761257973e-08, 3.6493093079135616e-11, -6.703726695577852e-12]
[655010.5762933299, 625397.4685943422]
1280408.0448876722
29613.107698987704
[-1.3218989919481042e-12, 0.18514114713403115, -6.290845990700533, 0.0661815141457442, 0.038112000137905624, 8.593577681382377e-05, -6.018769066655e-05, -1.2228226396090312e-07, 3.484183161e-08, 3.649392467994529e-11, -6.70415e-12]
[645365.5248344888, 635695.1092318285]
1281060.6340663172
9670.415602660272
[-1.3218836945644332e-12, 0.18511407344962652, -6.290845990700533, 0.0661815141457442, 0.03810844054181745, 8.593577681382377e-05, -6.0186404299411186e-05, -1.2228057995933222e-07, 3.484183161e-08, 3.649158526096996e-11, -6.704152319434733e-12]
[645426.6610385209, 635848.524456464]
1281275.185494985
9578.136582056875
[-1.3218836945644332e-12, 0.18512567577803116, -6.290845990700533, 0.06618147574310135, 0.03810844054181745, 8.593577681382377e-05, -6.018653625684287e-05, -1.2228226396090312e-07, 3.484183161e-08, 3.649392467994529e-11, -6.70415e-12]
[644408.5029924905, 637034.5686222494]
1281443.07161474
7373.934370241128
[-1.3220068007629783e-12, 0.18511407344962652, -6.290845990700533, 0.0661815141457442, 0.03810844054181745, 8.593577681382377e-05, -6.0186404299411186e-05, -1.222710202532326e-07, 3.484183161e-08, 3.649158526096996e-11, -6.704152319434733e-12]
[643684.844086665, 637773.995286311]
1281458.839372976
5910.848800353939
[-1.3219022324924181e-12, 0.18511407344962652, -6.290373870895932, 0.0661815141457442, 0.03810844054181745, 8.593577681382377e-05, -6.018769066655e-05, -1.2228226396090312e-07, 3.484183161e-08, 3.6490943583337264e-11, -6.70415e-12]
[642559.8891933049, 639394.4750397789]
1281954.3642330838
3165.4141535260715
[-1.3219022324924181e-12, 0.18509928036188267, -6.290373870895932, 0.0661815141457442, 0.03810844054181745, 8.593577681382377e-05, -6.018769066655e-05, -1.2228226396090312e-07, 3.484183161e-08, 3.6490943583337264e-11, -6.704152319434733e-12]
[642527.0263819643, 639434.6921600996]
1281961.718542064
3092.3342218647012
[-1.3219022324924181e-12, 0.18512168441975801, -6.290845990700533, 0.06617842016447949, 0.03810844054181745, 8.593577681382377e-05, -6.018769066655e-05, -1.2228226396090312e-07, 3.484183161e-08, 3.6491158196043903e-11, -6.704152319434733e-12]
[642326.6278212507, 639682.3048051139]
1282008.9326263648
2644.3230161367683
[-1.3219022324924181e-12, 0.185125981914621, -6.290845990700533, 0.0661815141457442, 0.03810844054181745, 8.593577681382377e-05, -6.018769066655e-05, -1.2228226396090312e-07, 3.484183161e-08, 3.6491158196043903e-11, -6.704152319434733e-12]
[642237.2802860524, 639775.908377819]
1282013.1886638715
2461.3719082333846
[-1.3219022324924181e-12, 0.185125981914621, -6.290845990700533, 0.06618704502318315, 0.03810844054181745, 8.593577681382377e-05, -6.018769066655e-05, -1.2228226396090312e-07, 3.484183161e-08, 3.6491158196043903e-11, -6.704152319434733e-12]
[642077.7660812865, 639943.3838675165]
1282021.149948803
2134.3822137699462
[-1.3219022324924181e-12, 0.185125981914621, -6.290429812322644, 0.0661815141457442, 0.03810844054181745, 8.593577681382377e-05, -6.018769066655e-05, -1.2228226396090312e-07, 3.484183161e-08, 3.649392467994529e-11, -6.70415e-12]
[641284.1329918363, 640836.3796288791]
1282120.5126207154
447.75336295715533
[-1.3219022324924181e-12, 0.185125981914621, -6.290845990700533, 0.0661815141457442, 0.03810844054181745, 8.59433925834647e-05, -6.018769066655e-05, -1.2228226396090312e-07, 3.484183161e-08, 3.649273196184402e-11, -6.704152319434733e-12]
[640994.2032737546, 641145.489831913]
1282139.6931056676
151.28655815846287
[-1.321916275706165e-12, 0.18512646750842093, -6.290845990700533, 0.06617842016447949, 0.03810844054181745, 8.593577681382377e-05, -6.018769066655e-05, -1.2228226396090312e-07, 3.484183161e-08, 3.649392467994529e-11, -6.70415e-12]
[641197.1375864642, 640952.8504907319]
1282149.988077196
244.28709573228844
[-1.3218588374134353e-12, 0.18946844651244116, -6.290845990700533, 0.06617842016447949, 0.03810844054181745, 8.593577681382377e-05, -6.018769066655e-05, -1.2228226396090312e-07, 3.484183161e-08, 3.6494072475491585e-11, -6.70415e-12]
[641100.5532212381, 641049.6153121295]
1282150.1685333676
50.93790910858661
[-1.3218588374134353e-12, 0.18946844651244116, -6.290845990700533, 0.06617842016447949, 0.03810844054181745, 8.593577681382377e-05, -6.018769066655e-05, -1.2228226396090312e-07, 3.484183161e-08, 3.6494072475491585e-11, -6.70415e-12]
[641100.5532212381, 641049.6153121295]
1282150.1685333676
50.93790910858661
[-1.3219022324924181e-12, 0.185125981914621, -6.290845990700533, 0.0661815141457442, 0.03810844054181745, 8.593577681382377e-05, -6.018769066655e-05, -1.2228226396090312e-07, 3.484183161e-08, 3.6494072475491585e-11, -6.70415e-12]
[641046.3249575697, 641117.2748825077]
1282163.5998400776
70.94992493803147
[-1.3219022324924181e-12, 0.18513406174883287, -6.291094147819488, 0.0661815141457442, 0.03810844054181745, 8.593577681382377e-05, -6.018769066655e-05, -1.2228226396090312e-07, 3.484183161e-08, 3.649392467994529e-11, -6.70415e-12]
[641003.6270377663, 641173.0634767236]
1282176.69051449
169.43643895734567
[-1.3218836945644332e-12, 0.18512567577803116, -6.290845990700533, 0.06618147574310135, 0.03810844054181745, 8.594309768891226e-05, -6.018769066655e-05, -1.2228226396090312e-07, 3.484183161e-08, 3.649392467994529e-11, -6.70415e-12]
[640551.3017870057, 641647.2090633822]
1282198.510850388
1095.9072763764998
Generation:  3
[-1.3218836945644332e-12, 0.18512567577803116, -6.290699287583684, 0.0661858433390485, 0.03811161885908596, 8.593665706629335e-05, -6.0184086973834546e-05, -1.2228226396090312e-07, 3.484183161e-08, 3.6490943583337264e-11, -6.704152319434733e-12]
[656805.7184458289, 623210.5602662337]
1280016.2787120626
33595.158179595135
[-1.3218836945644332e-12, 0.18512567577803116, -6.290845990700533, 0.0661858433390485, 0.03810844054181745, 8.593665706629335e-05, -6.0184086973834546e-05, -1.2228226396090312e-07, 3.484183161e-08, 3.6490943583337264e-11, -6.70415e-12]
[652691.4623184236, 627632.2137462078]
1280323.6760646314
25059.248572215787
[-1.3218836945644332e-12, 0.185138349625685, -6.290845990700533, 0.0661858433390485, 0.03810808325224201, 8.593665706629335e-05, -6.0184086973834546e-05, -1.2228226396090312e-07, 3.484183161e-08, 3.649069817318462e-11, -6.70415e-12]
[652342.8220920583, 628020.1391469967]
1280362.9612390548
24322.68294506159
[-1.3218836945644332e-12, 0.18512567577803116, -6.290845990700533, 0.0661858433390485, 0.03810808325224201, 8.593665706629335e-05, -6.0184086973834546e-05, -1.2228226396090312e-07, 3.484183161e-08, 3.649069817318462e-11, -6.70415e-12]
[652342.9230351369, 628020.0569442378]
1280362.9799793747
24322.8660908991
[-1.3220068007629783e-12, 0.18511407344962652, -6.290845990700533, 0.0661815141457442, 0.03810844054181745, 8.593577681382377e-05, -6.018769066655e-05, -1.2228226396090312e-07, 3.4842927761257973e-08, 3.6493093079135616e-11, -6.703726695577852e-12]
[655010.5762933299, 625397.4685943422]
1280408.0448876722
29613.107698987704
[-1.3218836945644332e-12, 0.18511407344962652, -6.290845990700533, 0.0661815141457442, 0.03810844054181745, 8.594129312876118e-05, -6.018769066655e-05, -1.2228226396090312e-07, 3.4842927761257973e-08, 3.6493093079135616e-11, -6.703726695577852e-12]
[654594.5284511419, 625855.162829318]
1280449.69128046
28739.365621823934
[-1.3218836945644332e-12, 0.18512567577803116, -6.290845990700533, 0.06618147574310135, 0.03810844054181745, 8.593577681382377e-05, -6.018653625684287e-05, -1.2228226396090312e-07, 3.484357564332665e-08, 3.649392467994529e-11, -6.70415e-12]
[656223.6880141754, 624235.5231847079]
1280459.2111988831
31988.16482946754
[-1.3220068007629783e-12, 0.18511407344962652, -6.290845990700533, 0.0661815141457442, 0.03810844054181745, 8.592956802185337e-05, -6.018431760445671e-05, -1.222710202532326e-07, 3.484183161e-08, 3.649158526096996e-11, -6.704152319434733e-12]
[650315.1136884319, 630278.5242618177]
1280593.6379502495
20036.589426614228
[-1.3218989919481042e-12, 0.18514114713403115, -6.290845990700533, 0.0661815141457442, 0.038112000137905624, 8.593577681382377e-05, -6.018769066655e-05, -1.2228226396090312e-07, 3.484183161e-08, 3.649392467994529e-11, -6.70415e-12]
[645365.5248344888, 635695.1092318285]
1281060.6340663172
9670.415602660272
[-1.3218836945644332e-12, 0.18511407344962652, -6.290845990700533, 0.0661815141457442, 0.03810844054181745, 8.593577681382377e-05, -6.0186404299411186e-05, -1.2228057995933222e-07, 3.484183161e-08, 3.649158526096996e-11, -6.704152319434733e-12]
[645426.6610385209, 635848.524456464]
1281275.185494985
9578.136582056875
[-1.3220068007629783e-12, 0.1851048428962264, -6.290845990700533, 0.0661815141457442, 0.03810844054181745, 8.593577681382377e-05, -6.0186404299411186e-05, -1.222718306198106e-07, 3.484183161e-08, 3.6491158196043903e-11, -6.704152319434733e-12]
[644010.1387731938, 637406.1249565473]
1281416.263729741
6604.013816646533
[-1.3218836945644332e-12, 0.18512567577803116, -6.290845990700533, 0.06618147574310135, 0.03810844054181745, 8.593577681382377e-05, -6.018653625684287e-05, -1.2228226396090312e-07, 3.484183161e-08, 3.649392467994529e-11, -6.70415e-12]
[644408.5029924905, 637034.5686222494]
1281443.07161474
7373.934370241128
[-1.3218836945644332e-12, 0.18512567577803116, -6.290845990700533, 0.0661815141457442, 0.03810844054181745, 8.593577681382377e-05, -6.0186404299411186e-05, -1.2228057995933222e-07, 3.484183161e-08, 3.649513101093773e-11, -6.704152319434733e-12]
[643945.1060707384, 637537.412292911]
1281482.5183636495
6407.69377782743
[-1.3218836945644332e-12, 0.1851185830582962, -6.290680769709113, 0.0661858433390485, 0.03810808325224201, 8.593665706629335e-05, -6.0184086973834546e-05, -1.2228735279715358e-07, 3.484183161e-08, 3.649069817318462e-11, -6.704760734094847e-12]
[644380.7746794625, 637141.37307012]
1281522.1477495825
7239.401609342545
[-1.3217781520538584e-12, 0.18510830898120137, -6.290845990700533, 0.0661858433390485, 0.03810844054181745, 8.593665706629335e-05, -6.018712871296403e-05, -1.2228226396090312e-07, 3.484183161e-08, 3.649069817318462e-11, -6.70415e-12]
[643866.9686814348, 637755.0668848004]
1281622.0355662352
6111.901796634309
[-1.3220481269806377e-12, 0.18511407344962652, -6.290845990700533, 0.0661815141457442, 0.03810863639363158, 8.593577681382377e-05, -6.018769066655e-05, -1.2228226396090312e-07, 3.484183161e-08, 3.6490943583337264e-11, -6.70415e-12]
[642590.5881081178, 639333.6579331503]
1281924.246041268
3256.930174967507
[-1.3218836945644332e-12, 0.18512567577803116, -6.291091968385037, 0.06617842016447949, 0.03810844054181745, 8.592730876605055e-05, -6.018769066655e-05, -1.2228226396090312e-07, 3.484183161e-08, 3.6491158196043903e-11, -6.704152319434733e-12]
[642873.3167757292, 639118.6443047624]
1281991.9610804915
3754.6724709668197
[-1.3218796038459894e-12, 0.18511407344962652, -6.290845990700533, 0.0661815141457442, 0.038105635126528405, 8.593577681382377e-05, -6.0186404299411186e-05, -1.2228057995933222e-07, 3.484183161e-08, 3.649158526096996e-11, -6.704152319434733e-12]
[642091.751788779, 640093.1335385656]
1282184.8853273448
1998.618250213447
[-1.3219022324924181e-12, 0.18511407344962652, -6.290373870895932, 0.0661815141457442, 0.03810844054181745, 8.593577681382377e-05, -6.018769066655e-05, -1.2227134899953164e-07, 3.484183161e-08, 3.649158526096996e-11, -6.704152319434733e-12]
[640261.2089893366, 641928.1956270828]
1282189.4046164195
1666.9866377462167
[-1.3220068007629783e-12, 0.18511407344962652, -6.290845990700533, 0.06618994820254692, 0.03810844054181745, 8.593665706629335e-05, -6.0189323213704115e-05, -1.22271632041065e-07, 3.484183161e-08, 3.6490943583337264e-11, -6.70415e-12]
[635558.3263150989, 647922.9685605348]
1283481.2948756337
12364.642245435854
Generation:  4
[-1.3218836945644332e-12, 0.18513335051594432, -6.2907645289662195, 0.0661858433390485, 0.03811161885908596, 8.593665706629335e-05, -6.0184086973834546e-05, -1.2228226396090312e-07, 3.484183161e-08, 3.649069817318462e-11, -6.70415e-12]
[656911.7730474573, 623084.3512518267]
1279996.124299284
33827.421795630595
[-1.3218836945644332e-12, 0.18512567577803116, -6.290699287583684, 0.0661858433390485, 0.03811161885908596, 8.593665706629335e-05, -6.0184086973834546e-05, -1.2228226396090312e-07, 3.484183161e-08, 3.6490943583337264e-11, -6.704152319434733e-12]
[656805.7184458289, 623210.5602662337]
1280016.2787120626
33595.158179595135
[-1.3218989919481042e-12, 0.18514114713403115, -6.290845990700533, 0.0661815141457442, 0.03811079152958099, 8.593665706629335e-05, -6.0184086973834546e-05, -1.2228226396090312e-07, 3.484183161e-08, 3.649069817318462e-11, -6.703608750736845e-12]
[664389.0401533218, 615765.1546236643]
1280154.1947769863
48623.88552965748
[-1.3220068007629783e-12, 0.18511407344962652, -6.290845990700533, 0.06618151142371237, 0.038109365265105465, 8.593665706629335e-05, -6.0184086973834546e-05, -1.2228226396090312e-07, 3.484183161e-08, 3.649069817318462e-11, -6.70415e-12]
[654091.7829103435, 626083.6447351325]
1280175.427645476
28008.138175211032
[-1.3218836945644332e-12, 0.18512567577803116, -6.290845990700533, 0.0661858433390485, 0.03810844054181745, 8.593665706629335e-05, -6.0184086973834546e-05, -1.2228226396090312e-07, 3.484183161e-08, 3.6490943583337264e-11, -6.70415e-12]
[652691.4623184236, 627632.2137462078]
1280323.6760646314
25059.248572215787
[-1.3218836945644332e-12, 0.185138349625685, -6.290845990700533, 0.0661858433390485, 0.03810808325224201, 8.593665706629335e-05, -6.0184086973834546e-05, -1.2228226396090312e-07, 3.484183161e-08, 3.649069817318462e-11, -6.70415e-12]
[652342.8220920583, 628020.1391469967]
1280362.9612390548
24322.68294506159
[-1.3218836945644332e-12, 0.18512567577803116, -6.290845990700533, 0.0661858433390485, 0.03810808325224201, 8.593665706629335e-05, -6.0184086973834546e-05, -1.2228226396090312e-07, 3.484183161e-08, 3.649069817318462e-11, -6.70415e-12]
[652342.9230351369, 628020.0569442378]
1280362.9799793747
24322.8660908991
[-1.3218836945644332e-12, 0.185138349625685, -6.290845990700533, 0.0661858433390485, 0.03810808325224201, 8.593665706629335e-05, -6.018653625684287e-05, -1.2228780274265092e-07, 3.484357564332665e-08, 3.649392467994529e-11, -6.70415e-12]
[656572.6047821001, 623815.1358282214]
1280387.7406103215
32757.46895387862
[-1.3220068007629783e-12, 0.18511407344962652, -6.290845990700533, 0.0661815141457442, 0.03810844054181745, 8.593577681382377e-05, -6.018769066655e-05, -1.2228226396090312e-07, 3.4842927761257973e-08, 3.6493093079135616e-11, -6.703726695577852e-12]
[655010.5762933299, 625397.4685943422]
1280408.0448876722
29613.107698987704
[-1.3220068007629783e-12, 0.18511407344962652, -6.290845990700533, 0.0661815141457442, 0.03810844054181745, 8.593577681382377e-05, -6.018769066655e-05, -1.2228226396090312e-07, 3.4842927761257973e-08, 3.6493093079135616e-11, -6.703726695577852e-12]
[655010.5762933299, 625397.4685943422]
1280408.0448876722
29613.107698987704
[-1.3218836945644332e-12, 0.18511407344962652, -6.290845990700533, 0.06618386939792498, 0.03810844054181745, 8.594129312876118e-05, -6.018769066655e-05, -1.2228226396090312e-07, 3.484474166834933e-08, 3.649069817318462e-11, -6.70415e-12]
[661704.3714394076, 618730.6374885917]
1280435.0089279993
42973.73395081586
[-1.3218836945644332e-12, 0.18511407344962652, -6.290845990700533, 0.0661815141457442, 0.03810844054181745, 8.594129312876118e-05, -6.018769066655e-05, -1.2228226396090312e-07, 3.4842927761257973e-08, 3.6493093079135616e-11, -6.703726695577852e-12]
[654594.5284511419, 625855.162829318]
1280449.69128046
28739.365621823934
[-1.3217933202663055e-12, 0.18512567577803116, -6.290845990700533, 0.0661858433390485, 0.03810844054181745, 8.593665706629335e-05, -6.0184086973834546e-05, -1.2228226396090312e-07, 3.484183161e-08, 3.649392467994529e-11, -6.70415e-12]
[651451.6023821847, 629055.5024464555]
1280507.1048286404
22396.099935729173
[-1.3218836945644332e-12, 0.18512567577803116, -6.290845990700533, 0.0661858433390485, 0.03810844054181745, 8.593950042870686e-05, -6.0184086973834546e-05, -1.2228226396090312e-07, 3.484183161e-08, 3.649392467994529e-11, -6.70415e-12]
[651236.6676762291, 629292.9532215255]
1280529.6208977546
21943.714454703615
[-1.3218836945644332e-12, 0.18512567577803116, -6.290699287583684, 0.0661858433390485, 0.03811161885908596, 8.593665706629335e-05, -6.018877222380141e-05, -1.2228226396090312e-07, 3.484287840129328e-08, 3.6490943583337264e-11, -6.70415e-12]
[649823.0144131402, 630780.637568336]
1280603.6519814762
19042.37684480427
[-1.3218836945644332e-12, 0.18511035777055482, -6.290845990700533, 0.06618147574310135, 0.03810844054181745, 8.593638986753767e-05, -6.018653625684287e-05, -1.2227224539120557e-07, 3.484357564332665e-08, 3.649392467994529e-11, -6.704590666035905e-12]
[647684.1274748612, 633420.7931168178]
1281104.920591679
14263.334358043387
[-1.3218836945644332e-12, 0.18514114713403115, -6.290845990700533, 0.06618208941071807, 0.038109727002083406, 8.593577681382377e-05, -6.018769066655e-05, -1.2228226396090312e-07, 3.484183161e-08, 3.649392467994529e-11, -6.70415e-12]
[642612.5133901548, 639106.2519299395]
1281718.7653200943
3506.261460215319
[-1.3218836945644332e-12, 0.185138349625685, -6.290845990700533, 0.0661858433390485, 0.03810816704412588, 8.593665706629335e-05, -6.0184086973834546e-05, -1.2228226396090312e-07, 3.48458193891208e-08, 3.649392467994529e-11, -6.7046539189348435e-12]
[671761.9328819634, 610049.659587463]
1281811.5924694263
61712.273294500425
[-1.3218836945644332e-12, 0.18511407344962652, -6.290845990700533, 0.0661815141457442, 0.03810844054181745, 8.594129312876118e-05, -6.018769066655e-05, -1.222710202532326e-07, 3.484183161e-08, 3.649158526096996e-11, -6.704152319434733e-12]
[639582.874064294, 642688.1030631382]
1282270.9771274324
3105.2289988441626
[-1.3218836945644332e-12, 0.18512567577803116, -6.290845990700533, 0.06618147574310135, 0.03810844054181745, 8.593577681382377e-05, -6.018958530784681e-05, -1.2228226396090312e-07, 3.484074893662915e-08, 3.649392467994529e-11, -6.70415e-12]
[629258.2629519488, 656807.1169451752]
1286065.3798971241
27548.853993226425
Generation:  5
[-1.3220068007629783e-12, 0.18511407344962652, -6.290845990700533, 0.0661815141457442, 0.03811433459524647, 8.593665706629335e-05, -6.0184086973834546e-05, -1.2228226396090312e-07, 3.484183161e-08, 3.649069817318462e-11, -6.70415e-12]
[660578.334506628, 619356.7419104732]
1279935.076417101
41221.59259615478
[-1.3218893727119503e-12, 0.185138349625685, -6.290845990700533, 0.0661858433390485, 0.038111584832395594, 8.593665706629335e-05, -6.0184086973834546e-05, -1.2228226396090312e-07, 3.484183161e-08, 3.649069817318462e-11, -6.704152319434733e-12]
[656792.1707493083, 623201.4141193712]
1279993.5848686795
33590.756629937096
[-1.3218836945644332e-12, 0.18513335051594432, -6.2907645289662195, 0.0661858433390485, 0.03811161885908596, 8.593665706629335e-05, -6.0184086973834546e-05, -1.2228226396090312e-07, 3.484183161e-08, 3.649069817318462e-11, -6.70415e-12]
[656911.7730474573, 623084.3512518267]
1279996.124299284
33827.421795630595
[-1.3218989919481042e-12, 0.18514114713403115, -6.290845990700533, 0.0661815141457442, 0.03811079152958099, 8.593665706629335e-05, -6.018508844004361e-05, -1.2228226396090312e-07, 3.484183161e-08, 3.649069817318462e-11, -6.703608750736845e-12]
[661205.0510094708, 618801.1695639901]
1280006.220573461
42403.88144548074
[-1.3218836945644332e-12, 0.18512567577803116, -6.290699287583684, 0.0661858433390485, 0.03811161885908596, 8.593665706629335e-05, -6.0184086973834546e-05, -1.2228226396090312e-07, 3.484183161e-08, 3.6490943583337264e-11, -6.704152319434733e-12]
[656805.7184458289, 623210.5602662337]
1280016.2787120626
33595.158179595135
[-1.3218989919481042e-12, 0.18514114713403115, -6.290845990700533, 0.0661815141457442, 0.03811079152958099, 8.593665706629335e-05, -6.0184086973834546e-05, -1.2228226396090312e-07, 3.484183161e-08, 3.649069817318462e-11, -6.703608750736845e-12]
[664389.0401533218, 615765.1546236643]
1280154.1947769863
48623.88552965748
[-1.3220068007629783e-12, 0.18511407344962652, -6.290845990700533, 0.0661815141457442, 0.03811079152958099, 8.593665706629335e-05, -6.0184086973834546e-05, -1.2228226396090312e-07, 3.484183161e-08, 3.649069817318462e-11, -6.703608750736845e-12]
[664389.253526332, 615764.9685859153]
1280154.2221122473
48624.28494041669
[-1.3220068007629783e-12, 0.18511407344962652, -6.290845990700533, 0.06618151142371237, 0.038109365265105465, 8.593665706629335e-05, -6.0184086973834546e-05, -1.2228226396090312e-07, 3.484183161e-08, 3.649069817318462e-11, -6.70415e-12]
[654091.7829103435, 626083.6447351325]
1280175.427645476
28008.138175211032
[-1.3218836945644332e-12, 0.18512567577803116, -6.290845990700533, 0.0661858433390485, 0.03810844054181745, 8.593665706629335e-05, -6.0184086973834546e-05, -1.2228226396090312e-07, 3.484183161e-08, 3.6490943583337264e-11, -6.70415e-12]
[652691.4623184236, 627632.2137462078]
1280323.6760646314
25059.248572215787
[-1.3218836945644332e-12, 0.185138349625685, -6.290845990700533, 0.0661858433390485, 0.03810808325224201, 8.593665706629335e-05, -6.0184086973834546e-05, -1.2228226396090312e-07, 3.484183161e-08, 3.649069817318462e-11, -6.70415e-12]
[652342.8220920583, 628020.1391469967]
1280362.9612390548
24322.68294506159
[-1.3218836945644332e-12, 0.18513335051594432, -6.2907645289662195, 0.0661858433390485, 0.03810808325224201, 8.593665706629335e-05, -6.0184086973834546e-05, -1.2228226396090312e-07, 3.484183161e-08, 3.649069817318462e-11, -6.70415e-12]
[652380.5910633786, 627983.3848396535]
1280363.975903032
24397.20622372511
[-1.3218836945644332e-12, 0.185138349625685, -6.290845990700533, 0.0661815141457442, 0.03810844054181745, 8.593577681382377e-05, -6.018769066655e-05, -1.2228226396090312e-07, 3.4842927761257973e-08, 3.6493093079135616e-11, -6.703726695577852e-12]
[655010.3858224634, 625397.6263996514]
1280408.012222115
29612.75942281203
[-1.3220068007629783e-12, 0.18511407344962652, -6.290845990700533, 0.0661815141457442, 0.03810844054181745, 8.593577681382377e-05, -6.018769066655e-05, -1.2228226396090312e-07, 3.4842927761257973e-08, 3.6493093079135616e-11, -6.703726695577852e-12]
[655010.5762933299, 625397.4685943422]
1280408.0448876722
29613.107698987704
[-1.3220068007629783e-12, 0.18511407344962652, -6.290845990700533, 0.0661815141457442, 0.03810844054181745, 8.593577681382377e-05, -6.018769066655e-05, -1.2228226396090312e-07, 3.4842927761257973e-08, 3.6493093079135616e-11, -6.703726695577852e-12]
[655010.5762933299, 625397.4685943422]
1280408.0448876722
29613.107698987704
[-1.3220068007629783e-12, 0.18511407344962652, -6.290845990700533, 0.06618238089308655, 0.0381114039814251, 8.593577681382377e-05, -6.018589562223963e-05, -1.2228226396090312e-07, 3.4842927761257973e-08, 3.6493093079135616e-11, -6.703726695577852e-12]
[664533.020240995, 615930.0131813174]
1280463.0334223122
48603.00705967762
[-1.3218836945644332e-12, 0.18512567577803116, -6.290845990700533, 0.0661858433390485, 0.03810808325224201, 8.593665706629335e-05, -6.018653625684287e-05, -1.2228780274265092e-07, 3.484357564332665e-08, 3.649392467994529e-11, -6.704724291942928e-12]
[647941.3528724504, 633162.2183635484]
1281103.5712359988
14779.134508901974
[-1.3220068007629783e-12, 0.18511407344962652, -6.290845990700533, 0.0661815141457442, 0.03810844054181745, 8.59296773549392e-05, -6.0184086973834546e-05, -1.2228226396090312e-07, 3.484035602120003e-08, 3.6488074175529504e-11, -6.70415e-12]
[644744.0373870817, 636632.4910327378]
1281376.5284198194
8111.546354343882
[-1.3220097982800777e-12, 0.18512567577803116, -6.290699287583684, 0.0661858433390485, 0.03811161885908596, 8.593665706629335e-05, -6.018870864951479e-05, -1.2228226396090312e-07, 3.484183161e-08, 3.6490657642065785e-11, -6.70415e-12]
[643212.1565631977, 638343.3929483357]
1281555.5495115335
4868.763614861993
[-1.3218836945644332e-12, 0.185138349625685, -6.290845990700533, 0.0661858433390485, 0.03810808325224201, 8.593665706629335e-05, -6.0184086973834546e-05, -1.2228226396090312e-07, 3.484486630775281e-08, 3.649008160808415e-11, -6.70415e-12]
[674391.6110671435, 607178.1781707231]
1281569.7892378666
67213.43289642036
[-1.3218836945644332e-12, 0.18513335051594432, -6.2907645289662195, 0.0661858433390485, 0.03810808325224201, 8.593665706629335e-05, -6.018909690865357e-05, -1.2228226396090312e-07, 3.484183161e-08, 3.649069817318462e-11, -6.70415e-12]
[637979.4200286206, 645263.2936011379]
1283242.7136297585
7283.873572517303
Generation:  6
[-1.3220068007629783e-12, 0.18511407344962652, -6.290845990700533, 0.0661815141457442, 0.03811433459524647, 8.592834282466393e-05, -6.0184086973834546e-05, -1.2228226396090312e-07, 3.484183161e-08, 3.649069817318462e-11, -6.70415e-12]
[661208.4108906018, 618657.7012622108]
1279866.1121528125
42550.70962839096
[-1.3220068007629783e-12, 0.18511407344962652, -6.291411471316867, 0.0661815141457442, 0.03811433459524647, 8.593665706629335e-05, -6.0184086973834546e-05, -1.2228226396090312e-07, 3.484183161e-08, 3.649069817318462e-11, -6.70415e-12]
[660295.6883891384, 619583.8959385024]
1279879.584327641
40711.79245063604
[-1.3218836945644332e-12, 0.18512567577803116, -6.290845990700533, 0.06618134503172639, 0.03811161885908596, 8.593665706629335e-05, -6.0184086973834546e-05, -1.2228226396090312e-07, 3.484058804574492e-08, 3.6490943583337264e-11, -6.703672578103559e-12]
[655564.8994252144, 624329.4377772247]
1279894.337202439
31235.461647989694
[-1.3220068007629783e-12, 0.18511407344962652, -6.290845990700533, 0.0661815141457442, 0.03811433459524647, 8.593665706629335e-05, -6.0184086973834546e-05, -1.2228226396090312e-07, 3.484183161e-08, 3.649069817318462e-11, -6.70415e-12]
[660578.334506628, 619356.7419104732]
1279935.076417101
41221.59259615478
[-1.3218893727119503e-12, 0.185138349625685, -6.290845990700533, 0.0661858433390485, 0.038111584832395594, 8.593665706629335e-05, -6.0184086973834546e-05, -1.2228226396090312e-07, 3.484183161e-08, 3.649069817318462e-11, -6.704152319434733e-12]
[656792.1707493083, 623201.4141193712]
1279993.5848686795
33590.756629937096
[-1.3218836945644332e-12, 0.18513335051594432, -6.2907645289662195, 0.0661858433390485, 0.03811161885908596, 8.593665706629335e-05, -6.0184086973834546e-05, -1.2228226396090312e-07, 3.484183161e-08, 3.649069817318462e-11, -6.70415e-12]
[656911.7730474573, 623084.3512518267]
1279996.124299284
33827.421795630595
[-1.3218989919481042e-12, 0.18514114713403115, -6.290845990700533, 0.0661815141457442, 0.03811079152958099, 8.593665706629335e-05, -6.018508844004361e-05, -1.2228226396090312e-07, 3.484183161e-08, 3.649069817318462e-11, -6.703608750736845e-12]
[661205.0510094708, 618801.1695639901]
1280006.220573461
42403.88144548074
[-1.3218836945644332e-12, 0.18512567577803116, -6.290699287583684, 0.0661858433390485, 0.03811161885908596, 8.593665706629335e-05, -6.0184086973834546e-05, -1.2228226396090312e-07, 3.484183161e-08, 3.6490943583337264e-11, -6.704152319434733e-12]
[656805.7184458289, 623210.5602662337]
1280016.2787120626
33595.158179595135
[-1.3218893727119503e-12, 0.185138349625685, -6.290604270324645, 0.0661858433390485, 0.038111584832395594, 8.593577886965e-05, -6.0184086973834546e-05, -1.2228226396090312e-07, 3.484183161e-08, 3.649069817318462e-11, -6.703877793448734e-12]
[661256.34884892, 618773.371962621]
1280029.720811541
42482.97688629897
[-1.3218836945644332e-12, 0.18513335051594432, -6.2907645289662195, 0.0661858433390485, 0.03811161885908596, 8.593665706629335e-05, -6.0184086973834546e-05, -1.2228226396090312e-07, 3.484146255083372e-08, 3.649069817318462e-11, -6.704152319434733e-12]
[654308.0723775497, 625733.3146792023]
1280041.387056752
28574.757698347443
[-1.3218989919481042e-12, 0.18514114713403115, -6.290845990700533, 0.0661815141457442, 0.03811079152958099, 8.593665706629335e-05, -6.0184086973834546e-05, -1.2228226396090312e-07, 3.484183161e-08, 3.649069817318462e-11, -6.703608750736845e-12]
[664389.0401533218, 615765.1546236643]
1280154.1947769863
48623.88552965748
[-1.3218836945644332e-12, 0.18511407344962652, -6.290845990700533, 0.06618151142371237, 0.038109365265105465, 8.593665706629335e-05, -6.0184086973834546e-05, -1.2228226396090312e-07, 3.484183161e-08, 3.649069817318462e-11, -6.70415e-12]
[654091.7829103435, 626083.6447351325]
1280175.427645476
28008.138175211032
[-1.3218836945644332e-12, 0.18512567577803116, -6.290345808384221, 0.0661858433390485, 0.03810830781310928, 8.593665706629335e-05, -6.0184086973834546e-05, -1.2229007905970287e-07, 3.484183161e-08, 3.6490943583337264e-11, -6.70415e-12]
[654181.5638229519, 626022.7483226771]
1280204.312145629
28158.815500274766
[-1.3220068007629783e-12, 0.18511407344962652, -6.290845990700533, 0.06618151142371237, 0.038109365265105465, 8.593665706629335e-05, -6.0184086973834546e-05, -1.2227533075855475e-07, 3.484183161e-08, 3.649069817318462e-11, -6.70415e-12]
[652833.17610936, 627487.0781785945]
1280320.2542879544
25346.097930765478
[-1.3219379042934193e-12, 0.18513335051594432, -6.2907645289662195, 0.0661858433390485, 0.03810844054181745, 8.593665706629335e-05, -6.0184086973834546e-05, -1.2228226396090312e-07, 3.484183161e-08, 3.6490943583337264e-11, -6.70415e-12]
[652729.3093794406, 627595.7856598401]
1280325.0950392806
25133.52371960052
[-1.3219210871352938e-12, 0.18511407344962652, -6.290845990700533, 0.06618151142371237, 0.038108374017177184, 8.593665706629335e-05, -6.0184086973834546e-05, -1.2228226396090312e-07, 3.484183161e-08, 3.6490943583337264e-11, -6.704152319434733e-12]
[652696.5370363753, 627628.9272680832]
1280325.4643044583
25067.60976829205
[-1.3218836945644332e-12, 0.18512567577803116, -6.290223601781955, 0.0661858433390485, 0.03811033596437046, 8.593665706629335e-05, -6.0184086973834546e-05, -1.2228226396090312e-07, 3.484183161e-08, 3.649069817318462e-11, -6.704474177967399e-12]
[650601.8521386588, 629830.865591684]
1280432.7177303429
20770.986546974746
[-1.322103468389418e-12, 0.18511407344962652, -6.290845990700533, 0.06618488666357547, 0.03811079152958099, 8.593665706629335e-05, -6.018508844004361e-05, -1.2228661351013934e-07, 3.484183161e-08, 3.649069817318462e-11, -6.703112139609017e-12]
[669831.2248589797, 610607.617353861]
1280438.8422128407
59223.60750511871
[-1.321948688314801e-12, 0.18514114713403115, -6.290845990700533, 0.0661815141457442, 0.03811079152958099, 8.593665706629335e-05, -6.0184086973834546e-05, -1.2228226396090312e-07, 3.4843066759219974e-08, 3.649069817318462e-11, -6.703608750736845e-12]
[673517.2406166163, 607755.5128128496]
1281272.753429466
65761.72780376673
[-1.3218989919481042e-12, 0.18514114713403115, -6.290845990700533, 0.0661815141457442, 0.038112815298552115, 8.593665706629335e-05, -6.018508844004361e-05, -1.2228166560161424e-07, 3.484340691300516e-08, 3.649069817318462e-11, -6.703608750736845e-12]
[675509.426790236, 606143.5736362749]
1281653.0004265108
69365.85315396113
Generation:  7
[-1.3220068007629783e-12, 0.18511407344962652, -6.290845990700533, 0.0661815141457442, 0.03811433459524647, 8.592834282466393e-05, -6.0184086973834546e-05, -1.2228226396090312e-07, 3.484183161e-08, 3.649069817318462e-11, -6.70415e-12]
[661208.4108906018, 618657.7012622108]
1279866.1121528125
42550.70962839096
[-1.3220068007629783e-12, 0.18511193906243364, -6.290845990700533, 0.06618269714703859, 0.03811433459524647, 8.592834282466393e-05, -6.0184086973834546e-05, -1.2228226396090312e-07, 3.484183161e-08, 3.649069817318462e-11, -6.70415e-12]
[661174.5499601306, 618695.1870376787]
1279869.7369978093
42479.362922451925
[-1.3220068007629783e-12, 0.18511407344962652, -6.291411471316867, 0.0661815141457442, 0.03811433459524647, 8.593665706629335e-05, -6.0184086973834546e-05, -1.2228226396090312e-07, 3.484183161e-08, 3.649069817318462e-11, -6.70415e-12]
[660295.6883891384, 619583.8959385024]
1279879.584327641
40711.79245063604
[-1.3218836945644332e-12, 0.18512567577803116, -6.290845990700533, 0.06618134503172639, 0.03811161885908596, 8.593665706629335e-05, -6.0184086973834546e-05, -1.2228226396090312e-07, 3.484058804574492e-08, 3.6490943583337264e-11, -6.703672578103559e-12]
[655564.8994252144, 624329.4377772247]
1279894.337202439
31235.461647989694
[-1.3218836945644332e-12, 0.18512567577803116, -6.290845990700533, 0.06618134503172639, 0.03811161885908596, 8.593665706629335e-05, -6.0184086973834546e-05, -1.2228613448887928e-07, 3.484183161e-08, 3.649069817318462e-11, -6.70415e-12]
[657704.4160560585, 622193.5530938655]
1279897.9691499239
35510.86296219297
[-1.3220696305793916e-12, 0.18509919268691583, -6.290845990700533, 0.0661815141457442, 0.03811433459524647, 8.593665706629335e-05, -6.018558860482943e-05, -1.2228226396090312e-07, 3.484183161e-08, 3.649069817318462e-11, -6.70415e-12]
[655887.3461959787, 624023.2374008596]
1279910.5835968382
31864.1087951191
[-1.3220068007629783e-12, 0.18511407344962652, -6.290845990700533, 0.0661815141457442, 0.03811433459524647, 8.593665706629335e-05, -6.0184086973834546e-05, -1.2228226396090312e-07, 3.484183161e-08, 3.649069817318462e-11, -6.70415e-12]
[660578.334506628, 619356.7419104732]
1279935.076417101
41221.59259615478
[-1.3219815651844169e-12, 0.18511407344962652, -6.290845990700533, 0.0661815141457442, 0.03811433459524647, 8.593665706629335e-05, -6.0184086973834546e-05, -1.2228226396090312e-07, 3.484183161e-08, 3.649069817318462e-11, -6.70415e-12]
[660578.334506628, 619356.7419104732]
1279935.076417101
41221.59259615478
[-1.3218893727119503e-12, 0.185138349625685, -6.290845990700533, 0.0661858433390485, 0.038111584832395594, 8.593665706629335e-05, -6.0184086973834546e-05, -1.2228226396090312e-07, 3.484183161e-08, 3.649069817318462e-11, -6.70415e-12]
[656827.9510007387, 623164.9512262684]
1279992.902227007
33662.99977447023
[-1.3218893727119503e-12, 0.185138349625685, -6.290845990700533, 0.0661858433390485, 0.038111584832395594, 8.593665706629335e-05, -6.0184086973834546e-05, -1.2228226396090312e-07, 3.484183161e-08, 3.649069817318462e-11, -6.704152319434733e-12]
[656792.1707493083, 623201.4141193712]
1279993.5848686795
33590.756629937096
[-1.3220068007629783e-12, 0.18511407344962652, -6.290845990700533, 0.0661858433390485, 0.03811161885908596, 8.593665706629335e-05, -6.0184086973834546e-05, -1.2228226396090312e-07, 3.484018689237752e-08, 3.649069817318462e-11, -6.703674444934657e-12]
[652741.8018722262, 627253.8528839825]
1279995.6547562086
25487.948988243705
[-1.3218836945644332e-12, 0.18513335051594432, -6.2907645289662195, 0.0661858433390485, 0.03811161885908596, 8.593665706629335e-05, -6.0184086973834546e-05, -1.2228226396090312e-07, 3.484183161e-08, 3.649069817318462e-11, -6.70415e-12]
[656911.7730474573, 623084.3512518267]
1279996.124299284
33827.421795630595
[-1.3218893727119503e-12, 0.185138349625685, -6.290845990700533, 0.0661858433390485, 0.038111584832395594, 8.593577886965e-05, -6.0184086973834546e-05, -1.2228226396090312e-07, 3.484183161e-08, 3.649069817318462e-11, -6.703877793448734e-12]
[661135.7396046077, 618870.6193620303]
1280006.3589666379
42265.120242577395
[-1.3218836945644332e-12, 0.18513335051594432, -6.2907645289662195, 0.0661858433390485, 0.03811161885908596, 8.593665706629335e-05, -6.0184086973834546e-05, -1.2228226396090312e-07, 3.484183161e-08, 3.6490943583337264e-11, -6.704152319434733e-12]
[656774.0398736568, 623238.1347483342]
1280012.1746219909
33535.905125322635
[-1.3218836945644332e-12, 0.18513335051594432, -6.2907645289662195, 0.0661858433390485, 0.03811079152958099, 8.593903176483731e-05, -6.018544889523343e-05, -1.2228226396090312e-07, 3.484183161e-08, 3.649069817318462e-11, -6.703608750736845e-12]
[659809.8465984014, 620212.3327405473]
1280022.1793389488
39597.51385785418
[-1.3218836945644332e-12, 0.18512567577803116, -6.290845990700533, 0.06618134503172639, 0.03811161885908596, 8.593665706629335e-05, -6.0184086973834546e-05, -1.2228226396090312e-07, 3.484183161e-08, 3.649296194200102e-11, -6.704152319434733e-12]
[656025.4665271695, 624096.773958884]
1280122.2404860533
31928.692568285507
[-1.3218836945644332e-12, 0.18513335051594432, -6.2907645289662195, 0.0661858433390485, 0.03811161885908596, 8.593665706629335e-05, -6.0184086973834546e-05, -1.2228226396090312e-07, 3.484183161e-08, 3.649069817318462e-11, -6.703608750736845e-12]
[665432.3281753224, 614812.2981284215]
1280244.626303744
50620.03004690085
[-1.3220068007629783e-12, 0.18513194932848254, -6.290845990700533, 0.0661815141457442, 0.03811433459524647, 8.593665706629335e-05, -6.018508844004361e-05, -1.2228226396090312e-07, 3.484183161e-08, 3.648727983455522e-11, -6.703430091402092e-12]
[670293.0146155459, 609974.1919007635]
1280267.2065163094
60318.82271478232
[-1.3218893727119503e-12, 0.185138349625685, -6.290604270324645, 0.0661858433390485, 0.038111584832395594, 8.593665706629335e-05, -6.0184086973834546e-05, -1.2228226396090312e-07, 3.4843105874469867e-08, 3.649069817318462e-11, -6.703660772048198e-12]
[674085.5848429421, 607352.7134912454]
1281438.2983341874
66732.87135169667
[-1.3220068007629783e-12, 0.1851553626561514, -6.290845990700533, 0.0661815141457442, 0.03811079152958099, 8.593665706629335e-05, -6.018508844004361e-05, -1.2228226396090312e-07, 3.4843727423783745e-08, 3.649069817318462e-11, -6.703608750736845e-12]
[675152.9115062839, 606421.4596691589]
1281574.3711754428
68731.451837125
Generation:  8
[-1.3220068007629783e-12, 0.18511407344962652, -6.291411471316867, 0.0661815141457442, 0.03811433459524647, 8.593010006849078e-05, -6.0184086973834546e-05, -1.2228226396090312e-07, 3.484183161e-08, 3.649069817318462e-11, -6.704152319434733e-12]
[660756.1057324456, 619068.4778307008]
1279824.5835631464
41687.627901744796
[-1.3220068007629783e-12, 0.18511407344962652, -6.290845990700533, 0.0661815141457442, 0.03811433459524647, 8.592834282466393e-05, -6.0184086973834546e-05, -1.2228226396090312e-07, 3.484183161e-08, 3.649069817318462e-11, -6.70415e-12]
[661208.4108906018, 618657.7012622108]
1279866.1121528125
42550.70962839096
[-1.3220068007629783e-12, 0.18511193906243364, -6.290845990700533, 0.06618269714703859, 0.03811433459524647, 8.592834282466393e-05, -6.0184086973834546e-05, -1.2228226396090312e-07, 3.484183161e-08, 3.649069817318462e-11, -6.70415e-12]
[661174.5499601306, 618695.1870376787]
1279869.7369978093
42479.362922451925
[-1.3220068007629783e-12, 0.18511407344962652, -6.290845990700533, 0.0661815141457442, 0.03811433459524647, 8.592834282466393e-05, -6.018759243928598e-05, -1.2229357254057913e-07, 3.484396952390284e-08, 3.648827904624788e-11, -6.70415e-12]
[668484.8944229884, 611394.0309264928]
1279878.9253494812
57090.86349649564
[-1.3220068007629783e-12, 0.18511407344962652, -6.291411471316867, 0.0661815141457442, 0.03811433459524647, 8.593665706629335e-05, -6.0184086973834546e-05, -1.2228226396090312e-07, 3.484183161e-08, 3.649069817318462e-11, -6.70415e-12]
[660295.6883891384, 619583.8959385024]
1279879.584327641
40711.79245063604
[-1.3220409236009012e-12, 0.18509919268691583, -6.290845990700533, 0.0661815141457442, 0.03811433459524647, 8.593374838546283e-05, -6.018558860482943e-05, -1.2228226396090312e-07, 3.484183161e-08, 3.649069817318462e-11, -6.70415e-12]
[656108.330079184, 623780.0432328215]
1279888.3733120055
32328.28684636252
[-1.3218836945644332e-12, 0.18512567577803116, -6.290845990700533, 0.06618134503172639, 0.03811161885908596, 8.593665706629335e-05, -6.0184086973834546e-05, -1.2228226396090312e-07, 3.484058804574492e-08, 3.6490943583337264e-11, -6.703672578103559e-12]
[655564.8994252144, 624329.4377772247]
1279894.337202439
31235.461647989694
[-1.3220068007629783e-12, 0.18512567577803116, -6.290845990700533, 0.06618132830220272, 0.03811161885908596, 8.593665706629335e-05, -6.0184086973834546e-05, -1.2228613448887928e-07, 3.484183161e-08, 3.649069817318462e-11, -6.70415e-12]
[657704.8959778122, 622193.0288082325]
1279897.9247860448
35511.867169579724
[-1.3218836945644332e-12, 0.18512567577803116, -6.290845990700533, 0.06618134503172639, 0.03811161885908596, 8.593665706629335e-05, -6.0184086973834546e-05, -1.2228613448887928e-07, 3.484183161e-08, 3.649069817318462e-11, -6.70415e-12]
[657704.4160560585, 622193.5530938655]
1279897.9691499239
35510.86296219297
[-1.3220696305793916e-12, 0.18509919268691583, -6.290845990700533, 0.0661815141457442, 0.03811433459524647, 8.593665706629335e-05, -6.018558860482943e-05, -1.2228226396090312e-07, 3.484183161e-08, 3.649069817318462e-11, -6.70415e-12]
[655887.3461959787, 624023.2374008596]
1279910.5835968382
31864.1087951191
[-1.321979029220385e-12, 0.18511407344962652, -6.290845990700533, 0.0661788110157349, 0.03811433459524647, 8.593665706629335e-05, -6.0184086973834546e-05, -1.2228226396090312e-07, 3.484183161e-08, 3.649069817318462e-11, -6.70415e-12]
[660655.5033018793, 619270.7240914113]
1279926.2273932905
41384.77921046794
[-1.3220184402224725e-12, 0.18511407344962652, -6.290845990700533, 0.0661815141457442, 0.03811433459524647, 8.593665706629335e-05, -6.0184086973834546e-05, -1.2228226396090312e-07, 3.484183161e-08, 3.649069817318462e-11, -6.704152319434733e-12]
[660541.8372251929, 619392.2212542101]
1279934.0584794031
41149.61597098282
[-1.3218893727119503e-12, 0.185138349625685, -6.290845990700533, 0.06618701933361422, 0.038111584832395594, 8.593665706629335e-05, -6.0184086973834546e-05, -1.2228226396090312e-07, 3.484183161e-08, 3.649069817318462e-11, -6.70415e-12]
[656794.3653109277, 623202.006335092]
1279996.3716460196
33592.35897583573
[-1.3220696305793916e-12, 0.18509919268691583, -6.290845990700533, 0.0661815141457442, 0.03811359845141568, 8.593665706629335e-05, -6.0184086973834546e-05, -1.2228226396090312e-07, 3.484183161e-08, 3.649069817318462e-11, -6.704513934715942e-12]
[653976.778881606, 626038.9883209005]
1280015.7672025063
27937.79056070547
[-1.3219815651844169e-12, 0.18511407344962652, -6.290845990700533, 0.0661858433390485, 0.038111584832395594, 8.59445159512191e-05, -6.0184086973834546e-05, -1.2228359615250235e-07, 3.484183161e-08, 3.649069817318462e-11, -6.70415e-12]
[656474.4932975502, 623552.5410608859]
1280027.0343584362
32921.952236664365
[-1.3219815651844169e-12, 0.18511407344962652, -6.290845990700533, 0.0661858433390485, 0.038111584832395594, 8.593665706629335e-05, -6.018237566269796e-05, -1.2228226396090312e-07, 3.484183161e-08, 3.649069817318462e-11, -6.70415e-12]
[662202.1452588041, 617885.947439919]
1280088.092698723
44316.19781888509
[-1.3218893727119503e-12, 0.185138349625685, -6.290845990700533, 0.0661891293704686, 0.038111584832395594, 8.593665706629335e-05, -6.0184086973834546e-05, -1.2227411354144055e-07, 3.484183161e-08, 3.649200113376806e-11, -6.70415e-12]
[654721.749120128, 625555.3339745852]
1280277.0830947133
29166.415145542822
[-1.3220068007629783e-12, 0.18511407344962652, -6.291373141220214, 0.0661815141457442, 0.03811433459524647, 8.592834282466393e-05, -6.018834317756537e-05, -1.2228226396090312e-07, 3.484183161e-08, 3.64925477348417e-11, -6.70415e-12]
[647217.3513328619, 633452.9271826383]
1280670.2785155002
13764.424150223611
[-1.3218836945644332e-12, 0.18512567577803116, -6.290845990700533, 0.06618134503172639, 0.03811161885908596, 8.593665706629335e-05, -6.018639566931795e-05, -1.2228613448887928e-07, 3.483935074356348e-08, 3.649069817318462e-11, -6.70415e-12]
[634739.4677125827, 648995.9795671513]
1283735.447279734
14256.511854568613
[-1.3218893727119503e-12, 0.18511407344962652, -6.290845990700533, 0.0661815141457442, 0.03811433459524647, 8.592834282466393e-05, -6.0184086973834546e-05, -1.2228226396090312e-07, 3.484521659079206e-08, 3.649069817318462e-11, -6.70414582805899e-12]
[686846.469064438, 597402.6307431516]
1284249.0998075898
89443.83832128637
Generation:  9
[-1.3220068007629783e-12, 0.18511407344962652, -6.291411471316867, 0.06618176344980758, 0.03811433459524647, 8.593010006849078e-05, -6.0184086973834546e-05, -1.2228613448887928e-07, 3.484183161e-08, 3.64911398284934e-11, -6.70415e-12]
[661304.7354621935, 618466.3369746933]
1279771.0724368868
42838.39848750015
[-1.3220908536918914e-12, 0.18512567577803116, -6.290845990700533, 0.06618269714703859, 0.03811433459524647, 8.59201069022503e-05, -6.0184086973834546e-05, -1.222830865168276e-07, 3.484183161e-08, 3.649069817318462e-11, -6.70415e-12]
[661949.8547434546, 617838.4401374405]
1279788.294880895
44111.41460601415
[-1.3220068007629783e-12, 0.18511407344962652, -6.291411471316867, 0.0661815141457442, 0.03811433459524647, 8.593010006849078e-05, -6.0184086973834546e-05, -1.2228226396090312e-07, 3.484183161e-08, 3.649069817318462e-11, -6.704152319434733e-12]
[660756.1057324456, 619068.4778307008]
1279824.5835631464
41687.627901744796
[-1.3220068007629783e-12, 0.18511407344962652, -6.291411471316867, 0.0661815141457442, 0.03811433459524647, 8.593010006849078e-05, -6.018558860482943e-05, -1.2228226396090312e-07, 3.484183161e-08, 3.649069817318462e-11, -6.70415e-12]
[656113.4392120487, 623717.2512879798]
1279830.6905000284
32396.187924068887
[-1.3220068007629783e-12, 0.18511407344962652, -6.290845990700533, 0.0661815141457442, 0.03811433459524647, 8.592834282466393e-05, -6.0184086973834546e-05, -1.2228226396090312e-07, 3.484183161e-08, 3.649069817318462e-11, -6.70415e-12]
[661208.4108906018, 618657.7012622108]
1279866.1121528125
42550.70962839096
[-1.3220068007629783e-12, 0.18511193906243364, -6.290845990700533, 0.06618269714703859, 0.03811433459524647, 8.592834282466393e-05, -6.0184086973834546e-05, -1.2228226396090312e-07, 3.484183161e-08, 3.649069817318462e-11, -6.70415e-12]
[661174.5499601306, 618695.1870376787]
1279869.7369978093
42479.362922451925
[-1.3220517377702835e-12, 0.18511704520886646, -6.290845990700533, 0.0661815141457442, 0.03811433459524647, 8.592934811399001e-05, -6.0184086973834546e-05, -1.2228226396090312e-07, 3.484183161e-08, 3.649069817318462e-11, -6.70415e-12]
[661132.1108418575, 618742.1169715349]
1279874.2278133924
42389.99387032259
[-1.3220068007629783e-12, 0.18511407344962652, -6.290845990700533, 0.0661815141457442, 0.03811433459524647, 8.592834282466393e-05, -6.018759243928598e-05, -1.2229357254057913e-07, 3.484396952390284e-08, 3.648827904624788e-11, -6.70415e-12]
[668484.8944229884, 611394.0309264928]
1279878.9253494812
57090.86349649564
[-1.3220068007629783e-12, 0.18511407344962652, -6.291411471316867, 0.0661815141457442, 0.03811433459524647, 8.593665706629335e-05, -6.0184086973834546e-05, -1.2228226396090312e-07, 3.484183161e-08, 3.649069817318462e-11, -6.70415e-12]
[660295.6883891384, 619583.8959385024]
1279879.584327641
40711.79245063604
[-1.3218836945644332e-12, 0.18512380925249255, -6.290845990700533, 0.0661774560965679, 0.03811161885908596, 8.593665706629335e-05, -6.0184086973834546e-05, -1.2228613448887928e-07, 3.484183161e-08, 3.649069817318462e-11, -6.70415e-12]
[657816.0387856223, 622071.7266789374]
1279887.7654645597
35744.3121066849
[-1.3220409236009012e-12, 0.18509919268691583, -6.290845990700533, 0.0661815141457442, 0.03811433459524647, 8.593374838546283e-05, -6.018558860482943e-05, -1.2228226396090312e-07, 3.484183161e-08, 3.649069817318462e-11, -6.70415e-12]
[656108.330079184, 623780.0432328215]
1279888.3733120055
32328.28684636252
[-1.3220068007629783e-12, 0.18511407344962652, -6.291115474634344, 0.0661815141457442, 0.03811433459524647, 8.592834282466393e-05, -6.0184086973834546e-05, -1.2227375573884485e-07, 3.484183161e-08, 3.649069817318462e-11, -6.70415e-12]
[659533.259761671, 620499.4994457366]
1280032.7592074075
39033.76031593431
[-1.3220696305793916e-12, 0.18509919268691583, -6.290845990700533, 0.0661815141457442, 0.038112670104845425, 8.593665706629335e-05, -6.018558860482943e-05, -1.2228226396090312e-07, 3.484183161e-08, 3.649069817318462e-11, -6.70415e-12]
[653744.1788016704, 626317.1888284964]
1280061.367630167
27426.98997317406
[-1.3220409236009012e-12, 0.18509919268691583, -6.290845990700533, 0.0661815141457442, 0.03811433459524647, 8.593374838546283e-05, -6.0188474011584345e-05, -1.2228226396090312e-07, 3.484058804574492e-08, 3.6490943583337264e-11, -6.703672578103559e-12]
[646071.1712236975, 634667.6928361156]
1280738.864059813
11403.478387581883
[-1.3220068007629783e-12, 0.18512567577803116, -6.290620987411386, 0.06618308658312295, 0.03811026531271017, 8.593665706629335e-05, -6.0184086973834546e-05, -1.2228613448887928e-07, 3.484183161e-08, 3.649069817318462e-11, -6.70471205121733e-12]
[647601.7861488616, 633196.0393435983]
1280797.8254924598
14405.746805263334
[-1.3218836945644332e-12, 0.1851272278052739, -6.290845990700533, 0.06618269714703859, 0.03811192652313124, 8.592834282466393e-05, -6.0184086973834546e-05, -1.2228226396090312e-07, 3.484000168236016e-08, 3.649298477855745e-11, -6.70415e-12]
[644604.5841431201, 636367.4101612989]
1280971.994304419
8237.173981821164
[-1.3220696305793916e-12, 0.18509919268691583, -6.290845990700533, 0.06618134503172639, 0.03811161885908596, 8.593665706629335e-05, -6.0184086973834546e-05, -1.2228613448887928e-07, 3.483987289270255e-08, 3.649069817318462e-11, -6.70415e-12]
[644464.9547120885, 636589.3587162998]
1281054.3134283882
7875.595995788695
[-1.3218836945644332e-12, 0.18512567577803116, -6.290845990700533, 0.06618134503172639, 0.038111932409167, 8.594511428573584e-05, -6.0184086973834546e-05, -1.2228613448887928e-07, 3.48388259096144e-08, 3.649069817318462e-11, -6.70415e-12]
[637475.1313060678, 645006.3720455719]
1282481.5033516397
7531.240739504108
[-1.3220068007629783e-12, 0.185129740245025, -6.290845990700533, 0.06618269714703859, 0.03811433459524647, 8.592834282466393e-05, -6.0184086973834546e-05, -1.2228226396090312e-07, 3.484438069900662e-08, 3.649069817318462e-11, -6.704152319434733e-12]
[680128.7871574882, 602406.8587004279]
1282535.6458579162
77721.92845706025
[-1.3220068007629783e-12, 0.18511193906243364, -6.290845990700533, 0.06618269714703859, 0.03811433459524647, 8.592834282466393e-05, -6.0184086973834546e-05, -1.2228226396090312e-07, 3.484493894397565e-08, 3.649069817318462e-11, -6.704083841571454e-12]
[685689.2541534203, 598229.7023703135]
1283918.9565237337
87459.55178310687
Generation:  10
[-1.3220068007629783e-12, 0.18511407344962652, -6.290845990700533, 0.06618176344980758, 0.03811433459524647, 8.593010006849078e-05, -6.0184086973834546e-05, -1.2229195136427277e-07, 3.484183161e-08, 3.64911398284934e-11, -6.70415e-12]
[662646.2957964592, 617061.1576441785]
1279707.4534406378
45585.138152280706
[-1.3220068007629783e-12, 0.18511407344962652, -6.291411471316867, 0.06618176344980758, 0.03811433459524647, 8.593010006849078e-05, -6.0184086973834546e-05, -1.2228613448887928e-07, 3.484183161e-08, 3.64911398284934e-11, -6.70415e-12]
[661304.7354621935, 618466.3369746933]
1279771.0724368868
42838.39848750015
[-1.3220908536918914e-12, 0.18512567577803116, -6.290845990700533, 0.06618269714703859, 0.03811433459524647, 8.59201069022503e-05, -6.0184086973834546e-05, -1.222830865168276e-07, 3.484183161e-08, 3.649069817318462e-11, -6.70415e-12]
[661949.8547434546, 617838.4401374405]
1279788.294880895
44111.41460601415
[-1.3218836945644332e-12, 0.18511407344962652, -6.291411471316867, 0.06618807585166842, 0.03811433459524647, 8.593010006849078e-05, -6.0184086973834546e-05, -1.2228613448887928e-07, 3.484183161e-08, 3.64911398284934e-11, -6.70415e-12]
[661123.7343584347, 618665.8582802276]
1279789.5926386623
42457.876078207046
[-1.3220068007629783e-12, 0.18511407344962652, -6.290845990700533, 0.0661815141457442, 0.03811433459524647, 8.592834282466393e-05, -6.0184086973834546e-05, -1.2228226396090312e-07, 3.484183161e-08, 3.648956099259372e-11, -6.70415e-12]
[661681.1455468375, 618114.5608787878]
1279795.7064256254
43566.584668049705
[-1.3220068007629783e-12, 0.18511407344962652, -6.291411471316867, 0.0661815141457442, 0.03811433459524647, 8.593010006849078e-05, -6.0184086973834546e-05, -1.2228226396090312e-07, 3.484183161e-08, 3.649069817318462e-11, -6.704152319434733e-12]
[660756.1057324456, 619068.4778307008]
1279824.5835631464
41687.627901744796
[-1.3220068007629783e-12, 0.18511407344962652, -6.291411471316867, 0.0661815141457442, 0.03811433459524647, 8.593010006849078e-05, -6.018558860482943e-05, -1.2228226396090312e-07, 3.484183161e-08, 3.649069817318462e-11, -6.70415e-12]
[656113.4392120487, 623717.2512879798]
1279830.6905000284
32396.187924068887
[-1.3220068007629783e-12, 0.18511407344962652, -6.290845990700533, 0.0661815141457442, 0.03811433459524647, 8.592834282466393e-05, -6.0184086973834546e-05, -1.2228226396090312e-07, 3.484183161e-08, 3.649069817318462e-11, -6.704152319434733e-12]
[661171.9340424255, 618693.1965782573]
1279865.1306206826
42478.737464168225
[-1.3220068007629783e-12, 0.18511407344962652, -6.290845990700533, 0.0661815141457442, 0.03811433459524647, 8.592834282466393e-05, -6.0184086973834546e-05, -1.2228226396090312e-07, 3.484183161e-08, 3.649069817318462e-11, -6.70415e-12]
[661208.4108906018, 618657.7012622108]
1279866.1121528125
42550.70962839096
[-1.3220068007629783e-12, 0.18511193906243364, -6.290845990700533, 0.06618269714703859, 0.03811433459524647, 8.592834282466393e-05, -6.0184086973834546e-05, -1.2228226396090312e-07, 3.484183161e-08, 3.649069817318462e-11, -6.70415e-12]
[661174.5499601306, 618695.1870376787]
1279869.7369978093
42479.362922451925
[-1.3220517377702835e-12, 0.18511704520886646, -6.290845990700533, 0.06618746280221911, 0.03811433459524647, 8.592934811399001e-05, -6.0184086973834546e-05, -1.2228226396090312e-07, 3.484183161e-08, 3.649069817318462e-11, -6.70415e-12]
[660961.9152816408, 618930.900202295]
1279892.8154839359
42031.01507934579
[-1.3220068007629783e-12, 0.18511407344962652, -6.290845990700533, 0.0661815141457442, 0.03811433459524647, 8.593010006849078e-05, -6.0184086973834546e-05, -1.2228226396090312e-07, 3.484183161e-08, 3.649123906066465e-11, -6.704152319434733e-12]
[660814.102286162, 619099.5517331476]
1279913.6540193097
41714.550553014386
[-1.3220068007629783e-12, 0.18511407344962652, -6.291411471316867, 0.0661815141457442, 0.03811433459524647, 8.594248253280118e-05, -6.0184086973834546e-05, -1.2228226396090312e-07, 3.484183161e-08, 3.649069817318462e-11, -6.70415e-12]
[659855.1974017578, 620074.6747158795]
1279929.8721176372
39780.52268587833
[-1.3219252201765577e-12, 0.18511407344962652, -6.291927387980167, 0.0661815141457442, 0.038111070776091514, 8.593665706629335e-05, -6.0184086973834546e-05, -1.2228226396090312e-07, 3.484183161e-08, 3.649069817318462e-11, -6.70415e-12]
[655765.7477530234, 624193.011710202]
1279958.7594632255
31572.73604282143
[-1.3220068007629783e-12, 0.18512326694693176, -6.290845990700533, 0.06618176344980758, 0.03811433459524647, 8.593010006849078e-05, -6.018398487601966e-05, -1.2228613448887928e-07, 3.484183161e-08, 3.6494488946596924e-11, -6.70415e-12]
[660520.5908263873, 619529.6283039616]
1280050.2191303489
40990.96252242569
[-1.322091858228915e-12, 0.18511407344962652, -6.290845990700533, 0.0661815141457442, 0.03811433459524647, 8.59340667809291e-05, -6.0184086973834546e-05, -1.2228226396090312e-07, 3.484183161e-08, 3.649433007564078e-11, -6.70415e-12]
[659271.521104486, 620882.8356306029]
1280154.3567350889
38388.68547388306
[-1.3220068007629783e-12, 0.18511407344962652, -6.291307672970218, 0.06618176344980758, 0.03811433459524647, 8.593010006849078e-05, -6.0184086973834546e-05, -1.2228226396090312e-07, 3.483995460110239e-08, 3.649069817318462e-11, -6.70415e-12]
[647879.8507037193, 632428.2746930198]
1280308.1253967392
15451.5760106995
[-1.3220068007629783e-12, 0.18511407344962652, -6.291411471316867, 0.06618176344980758, 0.03811613023557767, 8.593010006849078e-05, -6.018964489772643e-05, -1.2228613448887928e-07, 3.484183161e-08, 3.64911398284934e-11, -6.70415e-12]
[646750.1715457614, 633948.0253988166]
1280698.196944578
12802.14614694484
[-1.3220517377702835e-12, 0.18511704520886646, -6.290845990700533, 0.0661815141457442, 0.03811433459524647, 8.592934811399001e-05, -6.0184086973834546e-05, -1.2228226396090312e-07, 3.484431567559179e-08, 3.649069817318462e-11, -6.70415e-12]
[679622.5394333199, 602812.1752114245]
1282434.7146447445
76810.36422189546
[-1.3220068007629783e-12, 0.18511407344962652, -6.291411471316867, 0.06618176344980758, 0.03811433459524647, 8.593200150680032e-05, -6.017807931657974e-05, -1.2228613448887928e-07, 3.484183161e-08, 3.64911398284934e-11, -6.70415e-12]
[681072.8089729028, 601521.0818393084]
1282593.8908122112
79551.72713359445