Population Size:  10
Generation:  1
Population:
[0.0, 0.24840299859517012, -8.186467622832497, 0.04306708962374795, 0.02951404363174599, 5.55592334904961e-05, -3.160803764936898e-05, -5.301697603353485e-08, 1.3281864566057985e-08, 1.3916539826933419e-11, -1.931344761547915e-12]
[0.0, 0.25795947610907477, -8.186467622832497, 0.04190881396417635, 0.02951404363174599, 6.15007998385442e-05, -3.160803764936898e-05, -5.8719251274069853e-08, 1.3281864566057985e-08, 1.535813681352174e-11, -1.931344761547915e-12]
[0.0, 0.24840299859517012, -8.186467622832497, 0.039062876673532324, 0.02951404363174599, 5.55592334904961e-05, -3.160803764936898e-05, -5.301697603353485e-08, 1.3281864566057985e-08, 1.3916539826933419e-11, -1.931344761547915e-12]
[0.0, 0.26776653748952367, -8.555416422871106, 0.04306708962374795, 0.02951404363174599, 5.5608569240571374e-05, -3.160803764936898e-05, -5.649560840291235e-08, 1.3281864566057985e-08, 1.535813681352174e-11, -1.931344761547915e-12]
[0.0, 0.24886200891877858, -8.186467622832497, 0.039844191128629386, 0.02951404363174599, 5.55592334904961e-05, -3.160803764936898e-05, -5.364092845163806e-08, 1.3281864566057985e-08, 1.4119327816532387e-11, -1.931344761547915e-12]
[0.0, 0.24886200891877858, -7.969289505575361, 0.039844191128629386, 0.02951404363174599, 5.55592334904961e-05, -3.160803764936898e-05, -5.4366960269760995e-08, 1.3281864566057985e-08, 1.4119327816532387e-11, -1.931344761547915e-12]
[0.0, 0.25795947610907477, -8.186467622832497, 0.04306708962374795, 0.02951404363174599, 5.55592334904961e-05, -3.160803764936898e-05, -5.301697603353485e-08, 1.3281864566057985e-08, 1.3916539826933419e-11, -1.931344761547915e-12]
[0.0, 0.25795947610907477, -7.872601198836081, 0.04190881396417635, 0.02951404363174599, 5.55592334904961e-05, -3.160803764936898e-05, -5.8719251274069853e-08, 1.3281864566057985e-08, 1.6589896166236545e-11, -1.931344761547915e-12]
[0.0, 0.25795947610907477, -8.12649502495244, 0.04190881396417635, 0.02951404363174599, 5.55592334904961e-05, -3.160803764936898e-05, -5.301697603353485e-08, 1.3281864566057985e-08, 1.3916539826933419e-11, -1.931344761547915e-12]
[0.0, 0.24840299859517012, -8.383169112728435, 0.04190881396417635, 0.02951404363174599, 5.55592334904961e-05, -3.160803764936898e-05, -5.301697603353485e-08, 1.3281864566057985e-08, 1.3916539826933419e-11, -1.931344761547915e-12]




Population Selected For Crossover
[0.0, 0.25795947610907477, -8.186467622832497, 0.04190881396417635, 0.02951404363174599, 6.15007998385442e-05, -3.160803764936898e-05, -5.8719251274069853e-08, 1.3281864566057985e-08, 1.535813681352174e-11, -1.931344761547915e-12]
[0.0, 0.24840299859517012, -8.186467622832497, 0.04306708962374795, 0.02951404363174599, 5.55592334904961e-05, -3.160803764936898e-05, -5.301697603353485e-08, 1.3281864566057985e-08, 1.3916539826933419e-11, -1.931344761547915e-12]
[0.0, 0.25795947610907477, -8.186467622832497, 0.04306708962374795, 0.02951404363174599, 5.55592334904961e-05, -3.160803764936898e-05, -5.301697603353485e-08, 1.3281864566057985e-08, 1.3916539826933419e-11, -1.931344761547915e-12]
[0.0, 0.25795947610907477, -8.12649502495244, 0.04190881396417635, 0.02951404363174599, 5.55592334904961e-05, -3.160803764936898e-05, -5.301697603353485e-08, 1.3281864566057985e-08, 1.3916539826933419e-11, -1.931344761547915e-12]
[0.0, 0.24840299859517012, -8.383169112728435, 0.04190881396417635, 0.02951404363174599, 5.55592334904961e-05, -3.160803764936898e-05, -5.301697603353485e-08, 1.3281864566057985e-08, 1.3916539826933419e-11, -1.931344761547915e-12]




Vectors after applying the crossover
[0.0, 0.24840299859517012, -8.399725411334162, 0.04363948517926392, 0.02951404363174599, 5.55592334904961e-05, -3.0496665034037074e-05, -5.301697603353485e-08, 1.3525565710290157e-08, 1.3916539826933419e-11, -1.931344761547915e-12]
[0.0, 0.25795947610907477, -8.12649502495244, 0.04190881396417635, 0.02951404363174599, 5.55592334904961e-05, -3.160803764936898e-05, -5.8719251274069853e-08, 1.3281864566057985e-08, 1.535813681352174e-11, -1.931344761547915e-12]
[0.0, 0.25795947610907477, -8.440901861433336, 0.04110943811630231, 0.02951404363174599, 5.55592334904961e-05, -3.160803764936898e-05, -5.3386126062171814e-08, 1.3142535692203548e-08, 1.3916539826933419e-11, -1.931344761547915e-12]
[0.0, 0.25795947610907477, -8.186467622832497, 0.04190881396417635, 0.02951404363174599, 5.55592334904961e-05, -3.160803764936898e-05, -5.8719251274069853e-08, 1.3281864566057985e-08, 1.3474928927217171e-11, -1.931344761547915e-12]
[0.0, 0.24840299859517012, -8.186467622832497, 0.04190881396417635, 0.02951404363174599, 6.451015699535044e-05, -3.22938650968205e-05, -5.301697603353485e-08, 1.2934843508987537e-08, 1.535813681352174e-11, -1.931344761547915e-12]
[0.0, 0.25795947610907477, -8.12649502495244, 0.041408742959725596, 0.030835018445517438, 5.411593986389886e-05, -3.160803764936898e-05, -5.301697603353485e-08, 1.3281864566057985e-08, 1.535813681352174e-11, -1.927768538813147e-12]
[0.0, 0.24517498485545008, -8.186467622832497, 0.04306708962374795, 0.02951404363174599, 5.55592334904961e-05, -3.1060025766288494e-05, -5.301697603353485e-08, 1.3281864566057985e-08, 1.3916539826933419e-11, -1.931344761547915e-12]
[0.0, 0.2678547980642851, -8.186467622832497, 0.04306708962374795, 0.02951404363174599, 5.55592334904961e-05, -3.1781133546678733e-05, -5.301697603353485e-08, 1.3281864566057985e-08, 1.3916539826933419e-11, -1.931344761547915e-12]
[0.0, 0.24840299859517012, -8.186467622832497, 0.04306708962374795, 0.02951404363174599, 5.35657068899117e-05, -3.160803764936898e-05, -5.3055429835161974e-08, 1.3281864566057985e-08, 1.4096716229888988e-11, -1.931344761547915e-12]




Vectors after mutation
[0.0, 0.24840299859517012, -8.399725411334162, 0.04363948517926392, 0.02951404363174599, 5.55592334904961e-05, -3.0496665034037074e-05, -5.301697603353485e-08, 1.3525565710290157e-08, 1.3916539826933419e-11, -1.931344761547915e-12]
[0.0, 0.25795947610907477, -8.12649502495244, 0.04190881396417635, 0.02951404363174599, 5.55592334904961e-05, -3.160803764936898e-05, -5.8719251274069853e-08, 1.3281864566057985e-08, 1.535813681352174e-11, -1.931344761547915e-12]
[0.0, 0.25795947610907477, -8.440901861433336, 0.04110943811630231, 0.02951404363174599, 5.55592334904961e-05, -3.160803764936898e-05, -5.3386126062171814e-08, 1.3142535692203548e-08, 1.3916539826933419e-11, -1.931344761547915e-12]
[0.0, 0.25795947610907477, -8.186467622832497, 0.04190881396417635, 0.02951404363174599, 5.55592334904961e-05, -3.160803764936898e-05, -5.8719251274069853e-08, 1.3281864566057985e-08, 1.3474928927217171e-11, -1.931344761547915e-12]
[0.0, 0.24840299859517012, -8.186467622832497, 0.04190881396417635, 0.02951404363174599, 6.451015699535044e-05, -3.22938650968205e-05, -5.301697603353485e-08, 1.2934843508987537e-08, 1.535813681352174e-11, -1.931344761547915e-12]
[0.0, 0.25795947610907477, -8.12649502495244, 0.041408742959725596, 0.030835018445517438, 5.411593986389886e-05, -3.160803764936898e-05, -5.301697603353485e-08, 1.3281864566057985e-08, 1.535813681352174e-11, -1.927768538813147e-12]
[0.0, 0.24517498485545008, -8.186467622832497, 0.04306708962374795, 0.02951404363174599, 5.55592334904961e-05, -3.1060025766288494e-05, -5.301697603353485e-08, 1.3281864566057985e-08, 1.3916539826933419e-11, -1.931344761547915e-12]
[0.0, 0.2678547980642851, -8.186467622832497, 0.04306708962374795, 0.02951404363174599, 5.55592334904961e-05, -3.1781133546678733e-05, -5.301697603353485e-08, 1.3281864566057985e-08, 1.3916539826933419e-11, -1.931344761547915e-12]
[0.0, 0.24840299859517012, -8.186467622832497, 0.04306708962374795, 0.02951404363174599, 5.35657068899117e-05, -3.160803764936898e-05, -5.3055429835161974e-08, 1.3281864566057985e-08, 1.4096716229888988e-11, -1.931344761547915e-12]




Generation:  2
Population:
[0.0, 0.25795947610907477, -8.186467622832497, 0.04190881396417635, 0.02951404363174599, 6.15007998385442e-05, -3.160803764936898e-05, -5.8719251274069853e-08, 1.3281864566057985e-08, 1.535813681352174e-11, -1.931344761547915e-12]
[0.0, 0.24840299859517012, -8.399725411334162, 0.04363948517926392, 0.02951404363174599, 5.55592334904961e-05, -3.0496665034037074e-05, -5.301697603353485e-08, 1.3525565710290157e-08, 1.3916539826933419e-11, -1.931344761547915e-12]
[0.0, 0.25795947610907477, -8.12649502495244, 0.04190881396417635, 0.02951404363174599, 5.55592334904961e-05, -3.160803764936898e-05, -5.8719251274069853e-08, 1.3281864566057985e-08, 1.535813681352174e-11, -1.931344761547915e-12]
[0.0, 0.25795947610907477, -8.440901861433336, 0.04110943811630231, 0.02951404363174599, 5.55592334904961e-05, -3.160803764936898e-05, -5.3386126062171814e-08, 1.3142535692203548e-08, 1.3916539826933419e-11, -1.931344761547915e-12]
[0.0, 0.25795947610907477, -8.186467622832497, 0.04190881396417635, 0.02951404363174599, 5.55592334904961e-05, -3.160803764936898e-05, -5.8719251274069853e-08, 1.3281864566057985e-08, 1.3474928927217171e-11, -1.931344761547915e-12]
[0.0, 0.24840299859517012, -8.186467622832497, 0.04190881396417635, 0.02951404363174599, 6.451015699535044e-05, -3.22938650968205e-05, -5.301697603353485e-08, 1.2934843508987537e-08, 1.535813681352174e-11, -1.931344761547915e-12]
[0.0, 0.25795947610907477, -8.12649502495244, 0.041408742959725596, 0.030835018445517438, 5.411593986389886e-05, -3.160803764936898e-05, -5.301697603353485e-08, 1.3281864566057985e-08, 1.535813681352174e-11, -1.927768538813147e-12]
[0.0, 0.24517498485545008, -8.186467622832497, 0.04306708962374795, 0.02951404363174599, 5.55592334904961e-05, -3.1060025766288494e-05, -5.301697603353485e-08, 1.3281864566057985e-08, 1.3916539826933419e-11, -1.931344761547915e-12]
[0.0, 0.2678547980642851, -8.186467622832497, 0.04306708962374795, 0.02951404363174599, 5.55592334904961e-05, -3.1781133546678733e-05, -5.301697603353485e-08, 1.3281864566057985e-08, 1.3916539826933419e-11, -1.931344761547915e-12]
[0.0, 0.24840299859517012, -8.186467622832497, 0.04306708962374795, 0.02951404363174599, 5.35657068899117e-05, -3.160803764936898e-05, -5.3055429835161974e-08, 1.3281864566057985e-08, 1.4096716229888988e-11, -1.931344761547915e-12]




Population Selected For Crossover
[0.0, 0.25795947610907477, -8.186467622832497, 0.04190881396417635, 0.02951404363174599, 6.15007998385442e-05, -3.160803764936898e-05, -5.8719251274069853e-08, 1.3281864566057985e-08, 1.535813681352174e-11, -1.931344761547915e-12]
[0.0, 0.24840299859517012, -8.186467622832497, 0.04306708962374795, 0.02951404363174599, 5.35657068899117e-05, -3.160803764936898e-05, -5.3055429835161974e-08, 1.3281864566057985e-08, 1.4096716229888988e-11, -1.931344761547915e-12]
[0.0, 0.25795947610907477, -8.12649502495244, 0.04190881396417635, 0.02951404363174599, 5.55592334904961e-05, -3.160803764936898e-05, -5.8719251274069853e-08, 1.3281864566057985e-08, 1.535813681352174e-11, -1.931344761547915e-12]
[0.0, 0.2678547980642851, -8.186467622832497, 0.04306708962374795, 0.02951404363174599, 5.55592334904961e-05, -3.1781133546678733e-05, -5.301697603353485e-08, 1.3281864566057985e-08, 1.3916539826933419e-11, -1.931344761547915e-12]
[0.0, 0.25795947610907477, -8.186467622832497, 0.04190881396417635, 0.02951404363174599, 5.55592334904961e-05, -3.160803764936898e-05, -5.8719251274069853e-08, 1.3281864566057985e-08, 1.3474928927217171e-11, -1.931344761547915e-12]




Vectors after applying the crossover
[0.0, 0.24866096745347102, -8.329725404440818, 0.04306708962374795, 0.02951404363174599, 5.55592334904961e-05, -3.1781133546678733e-05, -5.301697603353485e-08, 1.3281864566057985e-08, 1.3916539826933419e-11, -1.931344761547915e-12]
[0.0, 0.25795947610907477, -8.12649502495244, 0.04190881396417635, 0.02983533206571343, 5.466697744073034e-05, -3.160803764936898e-05, -5.84984926178441e-08, 1.3281864566057985e-08, 1.535813681352174e-11, -1.931344761547915e-12]
[0.0, 0.25795947610907477, -8.279539927876314, 0.04190881396417635, 0.02951404363174599, 5.55592334904961e-05, -3.160803764936898e-05, -5.8719251274069853e-08, 1.3700775375120822e-08, 1.466732212525135e-11, -1.939274981156448e-12]
[0.0, 0.2678547980642851, -8.186467622832497, 0.04306708962374795, 0.02951404363174599, 5.55592334904961e-05, -3.1781133546678733e-05, -5.301697603353485e-08, 1.3281864566057985e-08, 1.3916539826933419e-11, -1.931344761547915e-12]
[0.0, 0.2736979824925908, -8.186467622832497, 0.04306708962374795, 0.02951404363174599, 6.15007998385442e-05, -3.160803764936898e-05, -5.8719251274069853e-08, 1.3281864566057985e-08, 1.535813681352174e-11, -1.931344761547915e-12]
[0.0, 0.2678547980642851, -8.186467622832497, 0.041848181878119575, 0.02951404363174599, 5.55592334904961e-05, -3.1781133546678733e-05, -5.8719251274069853e-08, 1.319890555198073e-08, 1.3916539826933419e-11, -1.931344761547915e-12]
[0.0, 0.25795947610907477, -8.186467622832497, 0.04190881396417635, 0.02951404363174599, 5.55592334904961e-05, -3.160803764936898e-05, -5.6001396106879934e-08, 1.3281864566057985e-08, 1.3474928927217171e-11, -1.90246870578068e-12]
[0.0, 0.25795947610907477, -8.12649502495244, 0.04190881396417635, 0.02951404363174599, 5.35657068899117e-05, -3.160803764936898e-05, -5.8719251274069853e-08, 1.3281864566057985e-08, 1.535813681352174e-11, -1.931344761547915e-12]
[0.0, 0.2678547980642851, -8.577151965362289, 0.04336883502620025, 0.029322375094262512, 5.55592334904961e-05, -3.1781133546678733e-05, -5.301697603353485e-08, 1.3281864566057985e-08, 1.3916539826933419e-11, -1.931344761547915e-12]




Vectors after mutation
[0.0, 0.24866096745347102, -8.329725404440818, 0.04306708962374795, 0.02951404363174599, 5.55592334904961e-05, -3.1781133546678733e-05, -5.301697603353485e-08, 1.3281864566057985e-08, 1.3916539826933419e-11, -1.931344761547915e-12]
[0.0, 0.25795947610907477, -8.12649502495244, 0.04190881396417635, 0.02983533206571343, 5.466697744073034e-05, -3.160803764936898e-05, -5.84984926178441e-08, 1.3281864566057985e-08, 1.535813681352174e-11, -1.931344761547915e-12]
[0.0, 0.25795947610907477, -8.279539927876314, 0.04190881396417635, 0.02951404363174599, 5.55592334904961e-05, -3.160803764936898e-05, -5.8719251274069853e-08, 1.3700775375120822e-08, 1.466732212525135e-11, -1.939274981156448e-12]
[0.0, 0.2678547980642851, -8.186467622832497, 0.04306708962374795, 0.02951404363174599, 5.55592334904961e-05, -3.1781133546678733e-05, -5.301697603353485e-08, 1.3281864566057985e-08, 1.3916539826933419e-11, -1.931344761547915e-12]
[0.0, 0.2736979824925908, -8.186467622832497, 0.04306708962374795, 0.02951404363174599, 6.15007998385442e-05, -3.160803764936898e-05, -5.8719251274069853e-08, 1.3281864566057985e-08, 1.535813681352174e-11, -1.931344761547915e-12]
[0.0, 0.2678547980642851, -8.186467622832497, 0.041848181878119575, 0.02951404363174599, 5.55592334904961e-05, -3.1781133546678733e-05, -5.8719251274069853e-08, 1.319890555198073e-08, 1.3916539826933419e-11, -1.931344761547915e-12]
[0.0, 0.25795947610907477, -8.186467622832497, 0.04190881396417635, 0.02951404363174599, 5.55592334904961e-05, -3.160803764936898e-05, -5.6001396106879934e-08, 1.3281864566057985e-08, 1.3474928927217171e-11, -1.90246870578068e-12]
[0.0, 0.25795947610907477, -8.12649502495244, 0.04190881396417635, 0.02951404363174599, 5.35657068899117e-05, -3.160803764936898e-05, -5.8719251274069853e-08, 1.3281864566057985e-08, 1.535813681352174e-11, -1.931344761547915e-12]
[0.0, 0.2678547980642851, -8.577151965362289, 0.04336883502620025, 0.029322375094262512, 5.55592334904961e-05, -3.1781133546678733e-05, -5.301697603353485e-08, 1.3281864566057985e-08, 1.3916539826933419e-11, -1.931344761547915e-12]




Generation:  3
Population:
[0.0, 0.25795947610907477, -8.186467622832497, 0.04190881396417635, 0.02951404363174599, 6.15007998385442e-05, -3.160803764936898e-05, -5.8719251274069853e-08, 1.3281864566057985e-08, 1.535813681352174e-11, -1.931344761547915e-12]
[0.0, 0.24866096745347102, -8.329725404440818, 0.04306708962374795, 0.02951404363174599, 5.55592334904961e-05, -3.1781133546678733e-05, -5.301697603353485e-08, 1.3281864566057985e-08, 1.3916539826933419e-11, -1.931344761547915e-12]
[0.0, 0.25795947610907477, -8.12649502495244, 0.04190881396417635, 0.02983533206571343, 5.466697744073034e-05, -3.160803764936898e-05, -5.84984926178441e-08, 1.3281864566057985e-08, 1.535813681352174e-11, -1.931344761547915e-12]
[0.0, 0.25795947610907477, -8.279539927876314, 0.04190881396417635, 0.02951404363174599, 5.55592334904961e-05, -3.160803764936898e-05, -5.8719251274069853e-08, 1.3700775375120822e-08, 1.466732212525135e-11, -1.939274981156448e-12]
[0.0, 0.2678547980642851, -8.186467622832497, 0.04306708962374795, 0.02951404363174599, 5.55592334904961e-05, -3.1781133546678733e-05, -5.301697603353485e-08, 1.3281864566057985e-08, 1.3916539826933419e-11, -1.931344761547915e-12]
[0.0, 0.2736979824925908, -8.186467622832497, 0.04306708962374795, 0.02951404363174599, 6.15007998385442e-05, -3.160803764936898e-05, -5.8719251274069853e-08, 1.3281864566057985e-08, 1.535813681352174e-11, -1.931344761547915e-12]
[0.0, 0.2678547980642851, -8.186467622832497, 0.041848181878119575, 0.02951404363174599, 5.55592334904961e-05, -3.1781133546678733e-05, -5.8719251274069853e-08, 1.319890555198073e-08, 1.3916539826933419e-11, -1.931344761547915e-12]
[0.0, 0.25795947610907477, -8.186467622832497, 0.04190881396417635, 0.02951404363174599, 5.55592334904961e-05, -3.160803764936898e-05, -5.6001396106879934e-08, 1.3281864566057985e-08, 1.3474928927217171e-11, -1.90246870578068e-12]
[0.0, 0.25795947610907477, -8.12649502495244, 0.04190881396417635, 0.02951404363174599, 5.35657068899117e-05, -3.160803764936898e-05, -5.8719251274069853e-08, 1.3281864566057985e-08, 1.535813681352174e-11, -1.931344761547915e-12]
[0.0, 0.2678547980642851, -8.577151965362289, 0.04336883502620025, 0.029322375094262512, 5.55592334904961e-05, -3.1781133546678733e-05, -5.301697603353485e-08, 1.3281864566057985e-08, 1.3916539826933419e-11, -1.931344761547915e-12]




Population Selected For Crossover
[0.0, 0.25795947610907477, -8.186467622832497, 0.04190881396417635, 0.02951404363174599, 6.15007998385442e-05, -3.160803764936898e-05, -5.8719251274069853e-08, 1.3281864566057985e-08, 1.535813681352174e-11, -1.931344761547915e-12]
[0.0, 0.2736979824925908, -8.186467622832497, 0.04306708962374795, 0.02951404363174599, 6.15007998385442e-05, -3.160803764936898e-05, -5.8719251274069853e-08, 1.3281864566057985e-08, 1.535813681352174e-11, -1.931344761547915e-12]
[0.0, 0.2678547980642851, -8.186467622832497, 0.04306708962374795, 0.02951404363174599, 5.55592334904961e-05, -3.1781133546678733e-05, -5.301697603353485e-08, 1.3281864566057985e-08, 1.3916539826933419e-11, -1.931344761547915e-12]
[0.0, 0.25795947610907477, -8.12649502495244, 0.04190881396417635, 0.02951404363174599, 5.35657068899117e-05, -3.160803764936898e-05, -5.8719251274069853e-08, 1.3281864566057985e-08, 1.535813681352174e-11, -1.931344761547915e-12]
[0.0, 0.24866096745347102, -8.329725404440818, 0.04306708962374795, 0.02951404363174599, 5.55592334904961e-05, -3.1781133546678733e-05, -5.301697603353485e-08, 1.3281864566057985e-08, 1.3916539826933419e-11, -1.931344761547915e-12]




Vectors after applying the crossover
[0.0, 0.25795947610907477, -8.329725404440818, 0.04190881396417635, 0.02951404363174599, 5.55592334904961e-05, -3.1781133546678733e-05, -5.8719251274069853e-08, 1.3281864566057985e-08, 1.415571985231447e-11, -1.9111087676099882e-12]
[0.0, 0.25795947610907477, -8.329725404440818, 0.04306708962374795, 0.03010657770185636, 5.55592334904961e-05, -3.1781133546678733e-05, -5.6637875207932596e-08, 1.3281864566057985e-08, 1.3916539826933419e-11, -1.931344761547915e-12]
[0.0, 0.25795947610907477, -8.432302683184878, 0.04190881396417635, 0.02951404363174599, 6.15007998385442e-05, -3.160803764936898e-05, -5.8719251274069853e-08, 1.3281864566057985e-08, 1.5759277329541433e-11, -1.954386796474218e-12]
[0.0, 0.2736979824925908, -8.186467622832497, 0.04306708962374795, 0.02951404363174599, 5.952736137759889e-05, -3.1781133546678733e-05, -5.8719251274069853e-08, 1.3281864566057985e-08, 1.3916539826933419e-11, -1.931344761547915e-12]
[0.0, 0.25795947610907477, -8.329725404440818, 0.04276373534259904, 0.02951404363174599, 6.15007998385442e-05, -3.1341574916787974e-05, -5.8719251274069853e-08, 1.3281864566057985e-08, 1.535813681352174e-11, -1.931344761547915e-12]
[0.0, 0.25795947610907477, -8.186467622832497, 0.04306708962374795, 0.02951404363174599, 6.15007998385442e-05, -3.160803764936898e-05, -5.8719251274069853e-08, 1.3281864566057985e-08, 1.535813681352174e-11, -1.931344761547915e-12]
[0.0, 0.25795947610907477, -8.186467622832497, 0.04306708962374795, 0.02951404363174599, 6.15007998385442e-05, -3.160803764936898e-05, -5.301697603353485e-08, 1.3281864566057985e-08, 1.578604423122359e-11, -1.931344761547915e-12]
[0.0, 0.24866096745347102, -8.186467622832497, 0.04306708962374795, 0.02951404363174599, 5.55592334904961e-05, -3.160803764936898e-05, -5.8719251274069853e-08, 1.3281864566057985e-08, 1.333984537892625e-11, -1.875132018665153e-12]
[0.0, 0.26482189999388017, -7.914029863925009, 0.04208303081436747, 0.02951404363174599, 5.55592334904961e-05, -3.1781133546678733e-05, -5.301697603353485e-08, 1.3281864566057985e-08, 1.3916539826933419e-11, -1.931344761547915e-12]




Vectors after mutation
[0.0, 0.25795947610907477, -8.329725404440818, 0.04190881396417635, 0.02951404363174599, 5.55592334904961e-05, -3.1781133546678733e-05, -5.8719251274069853e-08, 1.3281864566057985e-08, 1.415571985231447e-11, -1.9111087676099882e-12]
[0.0, 0.25795947610907477, -8.329725404440818, 0.04306708962374795, 0.03010657770185636, 5.55592334904961e-05, -3.1781133546678733e-05, -5.6637875207932596e-08, 1.3281864566057985e-08, 1.3916539826933419e-11, -1.931344761547915e-12]
[0.0, 0.25795947610907477, -8.432302683184878, 0.04190881396417635, 0.02951404363174599, 6.15007998385442e-05, -3.160803764936898e-05, -5.8719251274069853e-08, 1.3281864566057985e-08, 1.5759277329541433e-11, -1.954386796474218e-12]
[0.0, 0.2736979824925908, -8.186467622832497, 0.04306708962374795, 0.02951404363174599, 5.952736137759889e-05, -3.1781133546678733e-05, -5.8719251274069853e-08, 1.3281864566057985e-08, 1.3916539826933419e-11, -1.931344761547915e-12]
[0.0, 0.25795947610907477, -8.329725404440818, 0.04276373534259904, 0.02951404363174599, 6.15007998385442e-05, -3.1341574916787974e-05, -5.8719251274069853e-08, 1.3281864566057985e-08, 1.535813681352174e-11, -1.931344761547915e-12]
[0.0, 0.25795947610907477, -8.186467622832497, 0.04306708962374795, 0.02951404363174599, 6.15007998385442e-05, -3.160803764936898e-05, -5.8719251274069853e-08, 1.3281864566057985e-08, 1.535813681352174e-11, -1.931344761547915e-12]
[0.0, 0.25795947610907477, -8.186467622832497, 0.04306708962374795, 0.02951404363174599, 6.15007998385442e-05, -3.160803764936898e-05, -5.301697603353485e-08, 1.3281864566057985e-08, 1.578604423122359e-11, -1.931344761547915e-12]
[0.0, 0.24866096745347102, -8.186467622832497, 0.04306708962374795, 0.02951404363174599, 5.55592334904961e-05, -3.160803764936898e-05, -5.8719251274069853e-08, 1.3281864566057985e-08, 1.333984537892625e-11, -1.875132018665153e-12]
[0.0, 0.26482189999388017, -7.914029863925009, 0.04208303081436747, 0.02951404363174599, 5.55592334904961e-05, -3.1781133546678733e-05, -5.301697603353485e-08, 1.3281864566057985e-08, 1.3916539826933419e-11, -1.931344761547915e-12]




Generation:  4
Population:
[0.0, 0.25795947610907477, -8.186467622832497, 0.04190881396417635, 0.02951404363174599, 6.15007998385442e-05, -3.160803764936898e-05, -5.8719251274069853e-08, 1.3281864566057985e-08, 1.535813681352174e-11, -1.931344761547915e-12]
[0.0, 0.25795947610907477, -8.329725404440818, 0.04190881396417635, 0.02951404363174599, 5.55592334904961e-05, -3.1781133546678733e-05, -5.8719251274069853e-08, 1.3281864566057985e-08, 1.415571985231447e-11, -1.9111087676099882e-12]
[0.0, 0.25795947610907477, -8.329725404440818, 0.04306708962374795, 0.03010657770185636, 5.55592334904961e-05, -3.1781133546678733e-05, -5.6637875207932596e-08, 1.3281864566057985e-08, 1.3916539826933419e-11, -1.931344761547915e-12]
[0.0, 0.25795947610907477, -8.432302683184878, 0.04190881396417635, 0.02951404363174599, 6.15007998385442e-05, -3.160803764936898e-05, -5.8719251274069853e-08, 1.3281864566057985e-08, 1.5759277329541433e-11, -1.954386796474218e-12]
[0.0, 0.2736979824925908, -8.186467622832497, 0.04306708962374795, 0.02951404363174599, 5.952736137759889e-05, -3.1781133546678733e-05, -5.8719251274069853e-08, 1.3281864566057985e-08, 1.3916539826933419e-11, -1.931344761547915e-12]
[0.0, 0.25795947610907477, -8.329725404440818, 0.04276373534259904, 0.02951404363174599, 6.15007998385442e-05, -3.1341574916787974e-05, -5.8719251274069853e-08, 1.3281864566057985e-08, 1.535813681352174e-11, -1.931344761547915e-12]
[0.0, 0.25795947610907477, -8.186467622832497, 0.04306708962374795, 0.02951404363174599, 6.15007998385442e-05, -3.160803764936898e-05, -5.8719251274069853e-08, 1.3281864566057985e-08, 1.535813681352174e-11, -1.931344761547915e-12]
[0.0, 0.25795947610907477, -8.186467622832497, 0.04306708962374795, 0.02951404363174599, 6.15007998385442e-05, -3.160803764936898e-05, -5.301697603353485e-08, 1.3281864566057985e-08, 1.578604423122359e-11, -1.931344761547915e-12]
[0.0, 0.24866096745347102, -8.186467622832497, 0.04306708962374795, 0.02951404363174599, 5.55592334904961e-05, -3.160803764936898e-05, -5.8719251274069853e-08, 1.3281864566057985e-08, 1.333984537892625e-11, -1.875132018665153e-12]
[0.0, 0.26482189999388017, -7.914029863925009, 0.04208303081436747, 0.02951404363174599, 5.55592334904961e-05, -3.1781133546678733e-05, -5.301697603353485e-08, 1.3281864566057985e-08, 1.3916539826933419e-11, -1.931344761547915e-12]




Population Selected For Crossover
[0.0, 0.25795947610907477, -8.186467622832497, 0.04190881396417635, 0.02951404363174599, 6.15007998385442e-05, -3.160803764936898e-05, -5.8719251274069853e-08, 1.3281864566057985e-08, 1.535813681352174e-11, -1.931344761547915e-12]
[0.0, 0.25795947610907477, -8.186467622832497, 0.04306708962374795, 0.02951404363174599, 6.15007998385442e-05, -3.160803764936898e-05, -5.8719251274069853e-08, 1.3281864566057985e-08, 1.535813681352174e-11, -1.931344761547915e-12]
[0.0, 0.26482189999388017, -7.914029863925009, 0.04208303081436747, 0.02951404363174599, 5.55592334904961e-05, -3.1781133546678733e-05, -5.301697603353485e-08, 1.3281864566057985e-08, 1.3916539826933419e-11, -1.931344761547915e-12]
[0.0, 0.25795947610907477, -8.432302683184878, 0.04190881396417635, 0.02951404363174599, 6.15007998385442e-05, -3.160803764936898e-05, -5.8719251274069853e-08, 1.3281864566057985e-08, 1.5759277329541433e-11, -1.954386796474218e-12]
[0.0, 0.25795947610907477, -8.329725404440818, 0.04306708962374795, 0.03010657770185636, 5.55592334904961e-05, -3.1781133546678733e-05, -5.6637875207932596e-08, 1.3281864566057985e-08, 1.3916539826933419e-11, -1.931344761547915e-12]




Vectors after applying the crossover
[0.0, 0.25795947610907477, -8.329725404440818, 0.04306708962374795, 0.03010657770185636, 5.669815676804924e-05, -3.1781133546678733e-05, -5.301697603353485e-08, 1.3281864566057985e-08, 1.3916539826933419e-11, -2.013917444019003e-12]
[0.0, 0.25795947610907477, -8.186467622832497, 0.04306708962374795, 0.028614088296227486, 6.15007998385442e-05, -3.160803764936898e-05, -5.688642888087849e-08, 1.2626260583274167e-08, 1.535813681352174e-11, -1.931344761547915e-12]
[0.0, 0.25795947610907477, -8.186467622832497, 0.04306708962374795, 0.029432076269489776, 6.15007998385442e-05, -3.146004604194072e-05, -5.8719251274069853e-08, 1.3281864566057985e-08, 1.535813681352174e-11, -1.931344761547915e-12]
[0.0, 0.25795947610907477, -8.186467622832497, 0.04366558347226924, 0.02951404363174599, 6.15007998385442e-05, -3.1781133546678733e-05, -5.8719251274069853e-08, 1.3281864566057985e-08, 1.380800811840941e-11, -1.931344761547915e-12]
[0.0, 0.25795947610907477, -8.292963396435713, 0.04306708962374795, 0.02951404363174599, 6.15007998385442e-05, -3.160803764936898e-05, -5.8719251274069853e-08, 1.35797523268681e-08, 1.535813681352174e-11, -1.931344761547915e-12]
[0.0, 0.25795947610907477, -8.186467622832497, 0.04306708962374795, 0.03010657770185636, 6.0314557741078486e-05, -3.1781133546678733e-05, -5.6637875207932596e-08, 1.3111138021034556e-08, 1.535813681352174e-11, -1.931344761547915e-12]
[0.0, 0.25795947610907477, -8.329725404440818, 0.04190881396417635, 0.02951404363174599, 5.6216567808385906e-05, -3.22903335154059e-05, -5.6637875207932596e-08, 1.3281864566057985e-08, 1.3916539826933419e-11, -1.931344761547915e-12]
[0.0, 0.25795947610907477, -8.503357448131771, 0.04190881396417635, 0.02951404363174599, 6.15007998385442e-05, -3.160803764936898e-05, -5.8719251274069853e-08, 1.3281864566057985e-08, 1.535813681352174e-11, -1.931344761547915e-12]
[0.0, 0.25795947610907477, -8.48472130162961, 0.04306708962374795, 0.030033409809527782, 5.34654500594403e-05, -3.160803764936898e-05, -5.301697603353485e-08, 1.3281864566057985e-08, 1.535813681352174e-11, -1.931344761547915e-12]




Vectors after mutation
[0.0, 0.25795947610907477, -8.329725404440818, 0.04306708962374795, 0.03010657770185636, 5.669815676804924e-05, -3.1781133546678733e-05, -5.301697603353485e-08, 1.3281864566057985e-08, 1.3916539826933419e-11, -2.013917444019003e-12]
[0.0, 0.25795947610907477, -8.186467622832497, 0.04306708962374795, 0.028614088296227486, 6.15007998385442e-05, -3.160803764936898e-05, -5.688642888087849e-08, 1.2626260583274167e-08, 1.535813681352174e-11, -1.931344761547915e-12]
[0.0, 0.25795947610907477, -8.186467622832497, 0.04306708962374795, 0.029432076269489776, 6.15007998385442e-05, -3.146004604194072e-05, -5.8719251274069853e-08, 1.3281864566057985e-08, 1.535813681352174e-11, -1.931344761547915e-12]
[0.0, 0.25795947610907477, -8.186467622832497, 0.04366558347226924, 0.02951404363174599, 6.15007998385442e-05, -3.1781133546678733e-05, -5.8719251274069853e-08, 1.3281864566057985e-08, 1.380800811840941e-11, -1.931344761547915e-12]
[0.0, 0.25795947610907477, -8.292963396435713, 0.04306708962374795, 0.02951404363174599, 6.15007998385442e-05, -3.160803764936898e-05, -5.8719251274069853e-08, 1.35797523268681e-08, 1.535813681352174e-11, -1.931344761547915e-12]
[0.0, 0.25795947610907477, -8.186467622832497, 0.04306708962374795, 0.03010657770185636, 6.0314557741078486e-05, -3.1781133546678733e-05, -5.6637875207932596e-08, 1.3111138021034556e-08, 1.535813681352174e-11, -1.931344761547915e-12]
[0.0, 0.25795947610907477, -8.329725404440818, 0.04190881396417635, 0.02951404363174599, 5.6216567808385906e-05, -3.22903335154059e-05, -5.6637875207932596e-08, 1.3281864566057985e-08, 1.3916539826933419e-11, -1.931344761547915e-12]
[0.0, 0.25795947610907477, -8.503357448131771, 0.04190881396417635, 0.02951404363174599, 6.15007998385442e-05, -3.160803764936898e-05, -5.8719251274069853e-08, 1.3281864566057985e-08, 1.535813681352174e-11, -1.931344761547915e-12]
[0.0, 0.25795947610907477, -8.48472130162961, 0.04306708962374795, 0.030033409809527782, 5.34654500594403e-05, -3.160803764936898e-05, -5.301697603353485e-08, 1.3281864566057985e-08, 1.535813681352174e-11, -1.931344761547915e-12]




Generation:  5
Population:
[0.0, 0.25795947610907477, -8.186467622832497, 0.04190881396417635, 0.02951404363174599, 6.15007998385442e-05, -3.160803764936898e-05, -5.8719251274069853e-08, 1.3281864566057985e-08, 1.535813681352174e-11, -1.931344761547915e-12]
[0.0, 0.25795947610907477, -8.329725404440818, 0.04306708962374795, 0.03010657770185636, 5.669815676804924e-05, -3.1781133546678733e-05, -5.301697603353485e-08, 1.3281864566057985e-08, 1.3916539826933419e-11, -2.013917444019003e-12]
[0.0, 0.25795947610907477, -8.186467622832497, 0.04306708962374795, 0.028614088296227486, 6.15007998385442e-05, -3.160803764936898e-05, -5.688642888087849e-08, 1.2626260583274167e-08, 1.535813681352174e-11, -1.931344761547915e-12]
[0.0, 0.25795947610907477, -8.186467622832497, 0.04306708962374795, 0.029432076269489776, 6.15007998385442e-05, -3.146004604194072e-05, -5.8719251274069853e-08, 1.3281864566057985e-08, 1.535813681352174e-11, -1.931344761547915e-12]
[0.0, 0.25795947610907477, -8.186467622832497, 0.04366558347226924, 0.02951404363174599, 6.15007998385442e-05, -3.1781133546678733e-05, -5.8719251274069853e-08, 1.3281864566057985e-08, 1.380800811840941e-11, -1.931344761547915e-12]
[0.0, 0.25795947610907477, -8.292963396435713, 0.04306708962374795, 0.02951404363174599, 6.15007998385442e-05, -3.160803764936898e-05, -5.8719251274069853e-08, 1.35797523268681e-08, 1.535813681352174e-11, -1.931344761547915e-12]
[0.0, 0.25795947610907477, -8.186467622832497, 0.04306708962374795, 0.03010657770185636, 6.0314557741078486e-05, -3.1781133546678733e-05, -5.6637875207932596e-08, 1.3111138021034556e-08, 1.535813681352174e-11, -1.931344761547915e-12]
[0.0, 0.25795947610907477, -8.329725404440818, 0.04190881396417635, 0.02951404363174599, 5.6216567808385906e-05, -3.22903335154059e-05, -5.6637875207932596e-08, 1.3281864566057985e-08, 1.3916539826933419e-11, -1.931344761547915e-12]
[0.0, 0.25795947610907477, -8.503357448131771, 0.04190881396417635, 0.02951404363174599, 6.15007998385442e-05, -3.160803764936898e-05, -5.8719251274069853e-08, 1.3281864566057985e-08, 1.535813681352174e-11, -1.931344761547915e-12]
[0.0, 0.25795947610907477, -8.48472130162961, 0.04306708962374795, 0.030033409809527782, 5.34654500594403e-05, -3.160803764936898e-05, -5.301697603353485e-08, 1.3281864566057985e-08, 1.535813681352174e-11, -1.931344761547915e-12]




Population Selected For Crossover
[0.0, 0.25795947610907477, -8.186467622832497, 0.04190881396417635, 0.02951404363174599, 6.15007998385442e-05, -3.160803764936898e-05, -5.8719251274069853e-08, 1.3281864566057985e-08, 1.535813681352174e-11, -1.931344761547915e-12]
[0.0, 0.25795947610907477, -8.503357448131771, 0.04190881396417635, 0.02951404363174599, 6.15007998385442e-05, -3.160803764936898e-05, -5.8719251274069853e-08, 1.3281864566057985e-08, 1.535813681352174e-11, -1.931344761547915e-12]
[0.0, 0.25795947610907477, -8.186467622832497, 0.04306708962374795, 0.029432076269489776, 6.15007998385442e-05, -3.146004604194072e-05, -5.8719251274069853e-08, 1.3281864566057985e-08, 1.535813681352174e-11, -1.931344761547915e-12]
[0.0, 0.25795947610907477, -8.48472130162961, 0.04306708962374795, 0.030033409809527782, 5.34654500594403e-05, -3.160803764936898e-05, -5.301697603353485e-08, 1.3281864566057985e-08, 1.535813681352174e-11, -1.931344761547915e-12]
[0.0, 0.25795947610907477, -8.186467622832497, 0.04366558347226924, 0.02951404363174599, 6.15007998385442e-05, -3.1781133546678733e-05, -5.8719251274069853e-08, 1.3281864566057985e-08, 1.380800811840941e-11, -1.931344761547915e-12]




Vectors after applying the crossover
[0.0, 0.25795947610907477, -7.971979453933617, 0.04286996630677839, 0.02951404363174599, 6.15007998385442e-05, -3.160803764936898e-05, -5.8719251274069853e-08, 1.3281864566057985e-08, 1.380800811840941e-11, -1.931344761547915e-12]
[0.0, 0.25795947610907477, -8.503357448131771, 0.04190881396417635, 0.02951404363174599, 6.15007998385442e-05, -3.160803764936898e-05, -5.8719251274069853e-08, 1.3281864566057985e-08, 1.5853854079829182e-11, -1.931344761547915e-12]
[0.0, 0.25795947610907477, -8.503357448131771, 0.04190881396417635, 0.02951404363174599, 6.15007998385442e-05, -3.046204881782877e-05, -5.7095519476717236e-08, 1.3281864566057985e-08, 1.535813681352174e-11, -1.931344761547915e-12]
[0.0, 0.25795947610907477, -8.186467622832497, 0.04190881396417635, 0.02951404363174599, 6.15007998385442e-05, -3.160803764936898e-05, -5.8719251274069853e-08, 1.3281864566057985e-08, 1.535813681352174e-11, -1.931344761547915e-12]
[0.0, 0.25795947610907477, -8.186467622832497, 0.04190881396417635, 0.029432076269489776, 6.18758061524247e-05, -3.0396103192130793e-05, -5.8719251274069853e-08, 1.3281864566057985e-08, 1.5012955215566287e-11, -1.931344761547915e-12]
[0.0, 0.24825417247264092, -8.503357448131771, 0.04190881396417635, 0.028316578708748732, 6.15007998385442e-05, -3.160803764936898e-05, -5.8719251274069853e-08, 1.3887257975225615e-08, 1.485795830128307e-11, -1.932542579830121e-12]
[0.0, 0.25795947610907477, -8.186467622832497, 0.04190881396417635, 0.030481478769326838, 5.3855570657795586e-05, -3.160803764936898e-05, -5.542587121737332e-08, 1.3769891534269977e-08, 1.535813681352174e-11, -1.931344761547915e-12]
[0.0, 0.25795947610907477, -8.48472130162961, 0.04306708962374795, 0.030033409809527782, 5.34654500594403e-05, -3.1781133546678733e-05, -5.8719251274069853e-08, 1.3281864566057985e-08, 1.380800811840941e-11, -1.931344761547915e-12]
[0.0, 0.25795947610907477, -8.82647997544561, 0.0445285950200343, 0.02951404363174599, 5.4545374558077466e-05, -3.1781133546678733e-05, -5.593211084882215e-08, 1.3281864566057985e-08, 1.535813681352174e-11, -1.931344761547915e-12]




Vectors after mutation
[0.0, 0.25795947610907477, -7.971979453933617, 0.04286996630677839, 0.02951404363174599, 6.15007998385442e-05, -3.160803764936898e-05, -5.8719251274069853e-08, 1.3281864566057985e-08, 1.380800811840941e-11, -1.931344761547915e-12]
[0.0, 0.25795947610907477, -8.503357448131771, 0.04190881396417635, 0.02951404363174599, 6.15007998385442e-05, -3.160803764936898e-05, -5.8719251274069853e-08, 1.3281864566057985e-08, 1.5853854079829182e-11, -1.931344761547915e-12]
[0.0, 0.25795947610907477, -8.503357448131771, 0.04190881396417635, 0.02951404363174599, 6.15007998385442e-05, -3.046204881782877e-05, -5.7095519476717236e-08, 1.3281864566057985e-08, 1.535813681352174e-11, -1.931344761547915e-12]
[0.0, 0.25795947610907477, -8.186467622832497, 0.04190881396417635, 0.02951404363174599, 6.15007998385442e-05, -3.160803764936898e-05, -5.8719251274069853e-08, 1.3281864566057985e-08, 1.535813681352174e-11, -1.931344761547915e-12]
[0.0, 0.25795947610907477, -8.186467622832497, 0.04190881396417635, 0.029432076269489776, 6.18758061524247e-05, -3.0396103192130793e-05, -5.8719251274069853e-08, 1.3281864566057985e-08, 1.5012955215566287e-11, -1.931344761547915e-12]
[0.0, 0.24825417247264092, -8.503357448131771, 0.04190881396417635, 0.028316578708748732, 6.15007998385442e-05, -3.160803764936898e-05, -5.8719251274069853e-08, 1.3887257975225615e-08, 1.485795830128307e-11, -1.932542579830121e-12]
[0.0, 0.25795947610907477, -8.186467622832497, 0.04190881396417635, 0.030481478769326838, 5.3855570657795586e-05, -3.160803764936898e-05, -5.542587121737332e-08, 1.3769891534269977e-08, 1.535813681352174e-11, -1.931344761547915e-12]
[0.0, 0.25795947610907477, -8.48472130162961, 0.04306708962374795, 0.030033409809527782, 5.34654500594403e-05, -3.1781133546678733e-05, -5.8719251274069853e-08, 1.3281864566057985e-08, 1.380800811840941e-11, -1.931344761547915e-12]
[0.0, 0.25795947610907477, -8.82647997544561, 0.0445285950200343, 0.02951404363174599, 5.4545374558077466e-05, -3.1781133546678733e-05, -5.593211084882215e-08, 1.3281864566057985e-08, 1.535813681352174e-11, -1.931344761547915e-12]




Generation:  6
Population:
[0.0, 0.25795947610907477, -8.186467622832497, 0.04190881396417635, 0.02951404363174599, 6.15007998385442e-05, -3.160803764936898e-05, -5.8719251274069853e-08, 1.3281864566057985e-08, 1.535813681352174e-11, -1.931344761547915e-12]
[0.0, 0.25795947610907477, -7.971979453933617, 0.04286996630677839, 0.02951404363174599, 6.15007998385442e-05, -3.160803764936898e-05, -5.8719251274069853e-08, 1.3281864566057985e-08, 1.380800811840941e-11, -1.931344761547915e-12]
[0.0, 0.25795947610907477, -8.503357448131771, 0.04190881396417635, 0.02951404363174599, 6.15007998385442e-05, -3.160803764936898e-05, -5.8719251274069853e-08, 1.3281864566057985e-08, 1.5853854079829182e-11, -1.931344761547915e-12]
[0.0, 0.25795947610907477, -8.503357448131771, 0.04190881396417635, 0.02951404363174599, 6.15007998385442e-05, -3.046204881782877e-05, -5.7095519476717236e-08, 1.3281864566057985e-08, 1.535813681352174e-11, -1.931344761547915e-12]
[0.0, 0.25795947610907477, -8.186467622832497, 0.04190881396417635, 0.02951404363174599, 6.15007998385442e-05, -3.160803764936898e-05, -5.8719251274069853e-08, 1.3281864566057985e-08, 1.535813681352174e-11, -1.931344761547915e-12]
[0.0, 0.25795947610907477, -8.186467622832497, 0.04190881396417635, 0.029432076269489776, 6.18758061524247e-05, -3.0396103192130793e-05, -5.8719251274069853e-08, 1.3281864566057985e-08, 1.5012955215566287e-11, -1.931344761547915e-12]
[0.0, 0.24825417247264092, -8.503357448131771, 0.04190881396417635, 0.028316578708748732, 6.15007998385442e-05, -3.160803764936898e-05, -5.8719251274069853e-08, 1.3887257975225615e-08, 1.485795830128307e-11, -1.932542579830121e-12]
[0.0, 0.25795947610907477, -8.186467622832497, 0.04190881396417635, 0.030481478769326838, 5.3855570657795586e-05, -3.160803764936898e-05, -5.542587121737332e-08, 1.3769891534269977e-08, 1.535813681352174e-11, -1.931344761547915e-12]
[0.0, 0.25795947610907477, -8.48472130162961, 0.04306708962374795, 0.030033409809527782, 5.34654500594403e-05, -3.1781133546678733e-05, -5.8719251274069853e-08, 1.3281864566057985e-08, 1.380800811840941e-11, -1.931344761547915e-12]
[0.0, 0.25795947610907477, -8.82647997544561, 0.0445285950200343, 0.02951404363174599, 5.4545374558077466e-05, -3.1781133546678733e-05, -5.593211084882215e-08, 1.3281864566057985e-08, 1.535813681352174e-11, -1.931344761547915e-12]




Population Selected For Crossover
[0.0, 0.25795947610907477, -8.186467622832497, 0.04190881396417635, 0.02951404363174599, 6.15007998385442e-05, -3.160803764936898e-05, -5.8719251274069853e-08, 1.3281864566057985e-08, 1.535813681352174e-11, -1.931344761547915e-12]
[0.0, 0.25795947610907477, -8.186467622832497, 0.04190881396417635, 0.02951404363174599, 6.15007998385442e-05, -3.160803764936898e-05, -5.8719251274069853e-08, 1.3281864566057985e-08, 1.535813681352174e-11, -1.931344761547915e-12]
[0.0, 0.25795947610907477, -8.503357448131771, 0.04190881396417635, 0.02951404363174599, 6.15007998385442e-05, -3.160803764936898e-05, -5.8719251274069853e-08, 1.3281864566057985e-08, 1.5853854079829182e-11, -1.931344761547915e-12]
[0.0, 0.25795947610907477, -7.971979453933617, 0.04286996630677839, 0.02951404363174599, 6.15007998385442e-05, -3.160803764936898e-05, -5.8719251274069853e-08, 1.3281864566057985e-08, 1.380800811840941e-11, -1.931344761547915e-12]
[0.0, 0.25795947610907477, -8.48472130162961, 0.04306708962374795, 0.030033409809527782, 5.34654500594403e-05, -3.1781133546678733e-05, -5.8719251274069853e-08, 1.3281864566057985e-08, 1.380800811840941e-11, -1.931344761547915e-12]




Vectors after applying the crossover
[0.0, 0.25795947610907477, -7.971979453933617, 0.04286996630677839, 0.02951404363174599, 6.15007998385442e-05, -3.160803764936898e-05, -5.8719251274069853e-08, 1.3281864566057985e-08, 1.5377006262413653e-11, -1.931344761547915e-12]
[0.0, 0.25795947610907477, -8.33809633413743, 0.04286996630677839, 0.030033409809527782, 5.34654500594403e-05, -3.1781133546678733e-05, -5.8719251274069853e-08, 1.3281864566057985e-08, 1.380800811840941e-11, -1.952862522019766e-12]
[0.0, 0.25795947610907477, -8.503357448131771, 0.04286996630677839, 0.02951404363174599, 6.15007998385442e-05, -3.3028230789080476e-05, -5.8719251274069853e-08, 1.3022953292202228e-08, 1.5853854079829182e-11, -1.908838633686316e-12]
[0.0, 0.25795947610907477, -8.186467622832497, 0.04190881396417635, 0.02951404363174599, 6.15007998385442e-05, -3.160803764936898e-05, -5.8719251274069853e-08, 1.3281864566057985e-08, 1.535813681352174e-11, -1.933127081584808e-12]
[0.0, 0.25795947610907477, -8.28923489561096, 0.04190881396417635, 0.02951404363174599, 6.15007998385442e-05, -3.160803764936898e-05, -5.8719251274069853e-08, 1.3281864566057985e-08, 1.5853854079829182e-11, -1.931344761547915e-12]
[0.0, 0.25795947610907477, -8.48472130162961, 0.04190881396417635, 0.02951404363174599, 6.15007998385442e-05, -3.289918294355968e-05, -5.8719251274069853e-08, 1.3281864566057985e-08, 1.380800811840941e-11, -1.931344761547915e-12]
[0.0, 0.25795947610907477, -8.753103854428415, 0.04190881396417635, 0.030033409809527782, 5.34654500594403e-05, -3.1781133546678733e-05, -5.8719251274069853e-08, 1.3281864566057985e-08, 1.535813681352174e-11, -1.931344761547915e-12]
[0.0, 0.25795947610907477, -8.186467622832497, 0.04493543741416067, 0.02951404363174599, 5.919035276419884e-05, -3.160803764936898e-05, -5.8719251274069853e-08, 1.3281864566057985e-08, 1.380800811840941e-11, -1.931344761547915e-12]
[0.0, 0.25795947610907477, -7.628231513373589, 0.04306708962374795, 0.030033409809527782, 5.94602334130654e-05, -3.160803764936898e-05, -5.8719251274069853e-08, 1.3281864566057985e-08, 1.334454406918429e-11, -1.931344761547915e-12]




Vectors after mutation
[0.0, 0.25795947610907477, -7.971979453933617, 0.04286996630677839, 0.02951404363174599, 6.15007998385442e-05, -3.160803764936898e-05, -5.8719251274069853e-08, 1.3281864566057985e-08, 1.5377006262413653e-11, -1.931344761547915e-12]
[0.0, 0.25795947610907477, -8.33809633413743, 0.04286996630677839, 0.030033409809527782, 5.34654500594403e-05, -3.1781133546678733e-05, -5.8719251274069853e-08, 1.3281864566057985e-08, 1.380800811840941e-11, -1.952862522019766e-12]
[0.0, 0.25795947610907477, -8.503357448131771, 0.04286996630677839, 0.02951404363174599, 6.15007998385442e-05, -3.3028230789080476e-05, -5.8719251274069853e-08, 1.3022953292202228e-08, 1.5853854079829182e-11, -1.908838633686316e-12]
[0.0, 0.25795947610907477, -8.186467622832497, 0.04190881396417635, 0.02951404363174599, 6.15007998385442e-05, -3.160803764936898e-05, -5.8719251274069853e-08, 1.3281864566057985e-08, 1.535813681352174e-11, -1.933127081584808e-12]
[0.0, 0.25795947610907477, -8.28923489561096, 0.04190881396417635, 0.02951404363174599, 6.15007998385442e-05, -3.160803764936898e-05, -5.8719251274069853e-08, 1.3281864566057985e-08, 1.5853854079829182e-11, -1.931344761547915e-12]
[0.0, 0.25795947610907477, -8.48472130162961, 0.04190881396417635, 0.02951404363174599, 6.15007998385442e-05, -3.289918294355968e-05, -5.8719251274069853e-08, 1.3281864566057985e-08, 1.380800811840941e-11, -1.931344761547915e-12]
[0.0, 0.25795947610907477, -8.753103854428415, 0.04190881396417635, 0.030033409809527782, 5.34654500594403e-05, -3.1781133546678733e-05, -5.8719251274069853e-08, 1.3281864566057985e-08, 1.535813681352174e-11, -1.931344761547915e-12]
[0.0, 0.25795947610907477, -8.186467622832497, 0.04493543741416067, 0.02951404363174599, 5.919035276419884e-05, -3.160803764936898e-05, -5.8719251274069853e-08, 1.3281864566057985e-08, 1.380800811840941e-11, -1.931344761547915e-12]
[0.0, 0.25795947610907477, -7.628231513373589, 0.04306708962374795, 0.030033409809527782, 5.94602334130654e-05, -3.160803764936898e-05, -5.8719251274069853e-08, 1.3281864566057985e-08, 1.334454406918429e-11, -1.931344761547915e-12]




Generation:  7
Population:
[0.0, 0.25795947610907477, -8.186467622832497, 0.04190881396417635, 0.02951404363174599, 6.15007998385442e-05, -3.160803764936898e-05, -5.8719251274069853e-08, 1.3281864566057985e-08, 1.535813681352174e-11, -1.931344761547915e-12]
[0.0, 0.25795947610907477, -7.971979453933617, 0.04286996630677839, 0.02951404363174599, 6.15007998385442e-05, -3.160803764936898e-05, -5.8719251274069853e-08, 1.3281864566057985e-08, 1.5377006262413653e-11, -1.931344761547915e-12]
[0.0, 0.25795947610907477, -8.33809633413743, 0.04286996630677839, 0.030033409809527782, 5.34654500594403e-05, -3.1781133546678733e-05, -5.8719251274069853e-08, 1.3281864566057985e-08, 1.380800811840941e-11, -1.952862522019766e-12]
[0.0, 0.25795947610907477, -8.503357448131771, 0.04286996630677839, 0.02951404363174599, 6.15007998385442e-05, -3.3028230789080476e-05, -5.8719251274069853e-08, 1.3022953292202228e-08, 1.5853854079829182e-11, -1.908838633686316e-12]
[0.0, 0.25795947610907477, -8.186467622832497, 0.04190881396417635, 0.02951404363174599, 6.15007998385442e-05, -3.160803764936898e-05, -5.8719251274069853e-08, 1.3281864566057985e-08, 1.535813681352174e-11, -1.933127081584808e-12]
[0.0, 0.25795947610907477, -8.28923489561096, 0.04190881396417635, 0.02951404363174599, 6.15007998385442e-05, -3.160803764936898e-05, -5.8719251274069853e-08, 1.3281864566057985e-08, 1.5853854079829182e-11, -1.931344761547915e-12]
[0.0, 0.25795947610907477, -8.48472130162961, 0.04190881396417635, 0.02951404363174599, 6.15007998385442e-05, -3.289918294355968e-05, -5.8719251274069853e-08, 1.3281864566057985e-08, 1.380800811840941e-11, -1.931344761547915e-12]
[0.0, 0.25795947610907477, -8.753103854428415, 0.04190881396417635, 0.030033409809527782, 5.34654500594403e-05, -3.1781133546678733e-05, -5.8719251274069853e-08, 1.3281864566057985e-08, 1.535813681352174e-11, -1.931344761547915e-12]
[0.0, 0.25795947610907477, -8.186467622832497, 0.04493543741416067, 0.02951404363174599, 5.919035276419884e-05, -3.160803764936898e-05, -5.8719251274069853e-08, 1.3281864566057985e-08, 1.380800811840941e-11, -1.931344761547915e-12]
[0.0, 0.25795947610907477, -7.628231513373589, 0.04306708962374795, 0.030033409809527782, 5.94602334130654e-05, -3.160803764936898e-05, -5.8719251274069853e-08, 1.3281864566057985e-08, 1.334454406918429e-11, -1.931344761547915e-12]




Population Selected For Crossover
[0.0, 0.25795947610907477, -8.186467622832497, 0.04190881396417635, 0.02951404363174599, 6.15007998385442e-05, -3.160803764936898e-05, -5.8719251274069853e-08, 1.3281864566057985e-08, 1.535813681352174e-11, -1.931344761547915e-12]
[0.0, 0.25795947610907477, -8.186467622832497, 0.04190881396417635, 0.02951404363174599, 6.15007998385442e-05, -3.160803764936898e-05, -5.8719251274069853e-08, 1.3281864566057985e-08, 1.535813681352174e-11, -1.933127081584808e-12]
[0.0, 0.25795947610907477, -8.28923489561096, 0.04190881396417635, 0.02951404363174599, 6.15007998385442e-05, -3.160803764936898e-05, -5.8719251274069853e-08, 1.3281864566057985e-08, 1.5853854079829182e-11, -1.931344761547915e-12]
[0.0, 0.25795947610907477, -7.971979453933617, 0.04286996630677839, 0.02951404363174599, 6.15007998385442e-05, -3.160803764936898e-05, -5.8719251274069853e-08, 1.3281864566057985e-08, 1.5377006262413653e-11, -1.931344761547915e-12]
[0.0, 0.25795947610907477, -8.186467622832497, 0.04493543741416067, 0.02951404363174599, 5.919035276419884e-05, -3.160803764936898e-05, -5.8719251274069853e-08, 1.3281864566057985e-08, 1.380800811840941e-11, -1.931344761547915e-12]




Vectors after applying the crossover
[0.0, 0.25795947610907477, -8.2827510930785, 0.04286996630677839, 0.02951404363174599, 6.15007998385442e-05, -3.160803764936898e-05, -5.8719251274069853e-08, 1.3281864566057985e-08, 1.5089554123591835e-11, -1.9058284607237937e-12]
[0.0, 0.25795947610907477, -7.803897951593689, 0.04286996630677839, 0.02951404363174599, 5.959628222151034e-05, -3.2816990117285996e-05, -5.8719251274069853e-08, 1.3380585680704518e-08, 1.5952753976071788e-11, -1.8431048711785735e-12]
[0.0, 0.25795947610907477, -8.186467622832497, 0.043875268754640914, 0.029089957656708902, 5.893598953996066e-05, -3.160803764936898e-05, -5.8719251274069853e-08, 1.3281864566057985e-08, 1.380800811840941e-11, -1.931344761547915e-12]
[0.0, 0.2556584600375116, -8.186467622832497, 0.04286996630677839, 0.028080278056312545, 5.919035276419884e-05, -3.160803764936898e-05, -5.8719251274069853e-08, 1.3281864566057985e-08, 1.380800811840941e-11, -1.931344761547915e-12]
[0.0, 0.25795947610907477, -8.186467622832497, 0.04190881396417635, 0.02951404363174599, 6.15007998385442e-05, -3.160803764936898e-05, -5.737915813978033e-08, 1.3281864566057985e-08, 1.535813681352174e-11, -1.933127081584808e-12]
[0.0, 0.25795947610907477, -8.13543144723176, 0.04286996630677839, 0.030564623534752467, 5.919035276419884e-05, -3.160803764936898e-05, -5.8719251274069853e-08, 1.3281864566057985e-08, 1.5377006262413653e-11, -1.931344761547915e-12]
[0.0, 0.25795947610907477, -8.186467622832497, 0.04683115918218899, 0.029894308460610777, 5.919035276419884e-05, -3.283811065400959e-05, -5.8719251274069853e-08, 1.3281864566057985e-08, 1.380800811840941e-11, -1.931344761547915e-12]
[0.0, 0.25795947610907477, -8.186467622832497, 0.04190881396417635, 0.02951404363174599, 6.227148855217452e-05, -3.160803764936898e-05, -5.8719251274069853e-08, 1.3281864566057985e-08, 1.535813681352174e-11, -1.931344761547915e-12]
[0.0, 0.25795947610907477, -8.186467622832497, 0.043889682070262295, 0.02951404363174599, 6.15007998385442e-05, -3.160803764936898e-05, -5.8719251274069853e-08, 1.3281864566057985e-08, 1.6455766937582053e-11, -1.933127081584808e-12]




Vectors after mutation
[0.0, 0.25795947610907477, -8.2827510930785, 0.04286996630677839, 0.02951404363174599, 6.15007998385442e-05, -3.160803764936898e-05, -5.8719251274069853e-08, 1.3281864566057985e-08, 1.5089554123591835e-11, -1.9058284607237937e-12]
[0.0, 0.25795947610907477, -7.803897951593689, 0.04286996630677839, 0.02951404363174599, 5.959628222151034e-05, -3.2816990117285996e-05, -5.8719251274069853e-08, 1.3380585680704518e-08, 1.5952753976071788e-11, -1.8431048711785735e-12]
[0.0, 0.25795947610907477, -8.186467622832497, 0.043875268754640914, 0.029089957656708902, 5.893598953996066e-05, -3.160803764936898e-05, -5.8719251274069853e-08, 1.3281864566057985e-08, 1.380800811840941e-11, -1.931344761547915e-12]
[0.0, 0.2556584600375116, -8.186467622832497, 0.04286996630677839, 0.028080278056312545, 5.919035276419884e-05, -3.160803764936898e-05, -5.8719251274069853e-08, 1.3281864566057985e-08, 1.380800811840941e-11, -1.931344761547915e-12]
[0.0, 0.25795947610907477, -8.186467622832497, 0.04190881396417635, 0.02951404363174599, 6.15007998385442e-05, -3.160803764936898e-05, -5.737915813978033e-08, 1.3281864566057985e-08, 1.535813681352174e-11, -1.933127081584808e-12]
[0.0, 0.25795947610907477, -8.13543144723176, 0.04286996630677839, 0.030564623534752467, 5.919035276419884e-05, -3.160803764936898e-05, -5.8719251274069853e-08, 1.3281864566057985e-08, 1.5377006262413653e-11, -1.931344761547915e-12]
[0.0, 0.25795947610907477, -8.186467622832497, 0.04683115918218899, 0.029894308460610777, 5.919035276419884e-05, -3.283811065400959e-05, -5.8719251274069853e-08, 1.3281864566057985e-08, 1.380800811840941e-11, -1.931344761547915e-12]
[0.0, 0.25795947610907477, -8.186467622832497, 0.04190881396417635, 0.02951404363174599, 6.227148855217452e-05, -3.160803764936898e-05, -5.8719251274069853e-08, 1.3281864566057985e-08, 1.535813681352174e-11, -1.931344761547915e-12]
[0.0, 0.25795947610907477, -8.186467622832497, 0.043889682070262295, 0.02951404363174599, 6.15007998385442e-05, -3.160803764936898e-05, -5.8719251274069853e-08, 1.3281864566057985e-08, 1.6455766937582053e-11, -1.933127081584808e-12]




Generation:  8
Population:
[0.0, 0.25795947610907477, -8.186467622832497, 0.04190881396417635, 0.02951404363174599, 6.15007998385442e-05, -3.160803764936898e-05, -5.8719251274069853e-08, 1.3281864566057985e-08, 1.535813681352174e-11, -1.931344761547915e-12]
[0.0, 0.25795947610907477, -8.2827510930785, 0.04286996630677839, 0.02951404363174599, 6.15007998385442e-05, -3.160803764936898e-05, -5.8719251274069853e-08, 1.3281864566057985e-08, 1.5089554123591835e-11, -1.9058284607237937e-12]
[0.0, 0.25795947610907477, -7.803897951593689, 0.04286996630677839, 0.02951404363174599, 5.959628222151034e-05, -3.2816990117285996e-05, -5.8719251274069853e-08, 1.3380585680704518e-08, 1.5952753976071788e-11, -1.8431048711785735e-12]
[0.0, 0.25795947610907477, -8.186467622832497, 0.043875268754640914, 0.029089957656708902, 5.893598953996066e-05, -3.160803764936898e-05, -5.8719251274069853e-08, 1.3281864566057985e-08, 1.380800811840941e-11, -1.931344761547915e-12]
[0.0, 0.2556584600375116, -8.186467622832497, 0.04286996630677839, 0.028080278056312545, 5.919035276419884e-05, -3.160803764936898e-05, -5.8719251274069853e-08, 1.3281864566057985e-08, 1.380800811840941e-11, -1.931344761547915e-12]
[0.0, 0.25795947610907477, -8.186467622832497, 0.04190881396417635, 0.02951404363174599, 6.15007998385442e-05, -3.160803764936898e-05, -5.737915813978033e-08, 1.3281864566057985e-08, 1.535813681352174e-11, -1.933127081584808e-12]
[0.0, 0.25795947610907477, -8.13543144723176, 0.04286996630677839, 0.030564623534752467, 5.919035276419884e-05, -3.160803764936898e-05, -5.8719251274069853e-08, 1.3281864566057985e-08, 1.5377006262413653e-11, -1.931344761547915e-12]
[0.0, 0.25795947610907477, -8.186467622832497, 0.04683115918218899, 0.029894308460610777, 5.919035276419884e-05, -3.283811065400959e-05, -5.8719251274069853e-08, 1.3281864566057985e-08, 1.380800811840941e-11, -1.931344761547915e-12]
[0.0, 0.25795947610907477, -8.186467622832497, 0.04190881396417635, 0.02951404363174599, 6.227148855217452e-05, -3.160803764936898e-05, -5.8719251274069853e-08, 1.3281864566057985e-08, 1.535813681352174e-11, -1.931344761547915e-12]
[0.0, 0.25795947610907477, -8.186467622832497, 0.043889682070262295, 0.02951404363174599, 6.15007998385442e-05, -3.160803764936898e-05, -5.8719251274069853e-08, 1.3281864566057985e-08, 1.6455766937582053e-11, -1.933127081584808e-12]




Population Selected For Crossover
[0.0, 0.25795947610907477, -8.186467622832497, 0.04190881396417635, 0.02951404363174599, 6.15007998385442e-05, -3.160803764936898e-05, -5.8719251274069853e-08, 1.3281864566057985e-08, 1.535813681352174e-11, -1.931344761547915e-12]
[0.0, 0.25795947610907477, -8.186467622832497, 0.04190881396417635, 0.02951404363174599, 6.227148855217452e-05, -3.160803764936898e-05, -5.8719251274069853e-08, 1.3281864566057985e-08, 1.535813681352174e-11, -1.931344761547915e-12]
[0.0, 0.25795947610907477, -8.186467622832497, 0.04190881396417635, 0.02951404363174599, 6.15007998385442e-05, -3.160803764936898e-05, -5.737915813978033e-08, 1.3281864566057985e-08, 1.535813681352174e-11, -1.933127081584808e-12]
[0.0, 0.25795947610907477, -8.2827510930785, 0.04286996630677839, 0.02951404363174599, 6.15007998385442e-05, -3.160803764936898e-05, -5.8719251274069853e-08, 1.3281864566057985e-08, 1.5089554123591835e-11, -1.9058284607237937e-12]
[0.0, 0.25795947610907477, -8.186467622832497, 0.043889682070262295, 0.02951404363174599, 6.15007998385442e-05, -3.160803764936898e-05, -5.8719251274069853e-08, 1.3281864566057985e-08, 1.6455766937582053e-11, -1.933127081584808e-12]




Vectors after applying the crossover
[0.0, 0.25795947610907477, -8.186467622832497, 0.04286996630677839, 0.02951404363174599, 6.114036962513146e-05, -3.160803764936898e-05, -5.8719251274069853e-08, 1.3281864566057985e-08, 1.535813681352174e-11, -1.9043349234906283e-12]
[0.0, 0.25795947610907477, -8.186467622832497, 0.04190881396417635, 0.02951404363174599, 6.227148855217452e-05, -3.113317681395553e-05, -5.8719251274069853e-08, 1.3281864566057985e-08, 1.535813681352174e-11, -1.931344761547915e-12]
[0.0, 0.25795947610907477, -7.883930001293509, 0.04286996630677839, 0.029506124728667742, 6.051890153456579e-05, -3.160803764936898e-05, -5.8719251274069853e-08, 1.3281864566057985e-08, 1.5089554123591835e-11, -1.9058284607237937e-12]
[0.0, 0.2704155271734706, -8.612989978993653, 0.043889682070262295, 0.02818723300083984, 6.140648626132973e-05, -3.160803764936898e-05, -5.8719251274069853e-08, 1.3914509905539304e-08, 1.6455766937582053e-11, -1.9058284607237937e-12]
[0.0, 0.26319657642813066, -8.244451664305615, 0.04286996630677839, 0.02951404363174599, 6.15007998385442e-05, -3.160803764936898e-05, -5.8719251274069853e-08, 1.3281864566057985e-08, 1.535813681352174e-11, -1.9058284607237937e-12]
[0.0, 0.25795947610907477, -8.2827510930785, 0.04286996630677839, 0.0301189722455571, 6.349345975614809e-05, -3.119749257814689e-05, -5.737915813978033e-08, 1.3048305427338922e-08, 1.5089554123591835e-11, -1.933127081584808e-12]
[0.0, 0.25795947610907477, -8.186467622832497, 0.043889682070262295, 0.02951404363174599, 6.15007998385442e-05, -3.160803764936898e-05, -6.039037238804255e-08, 1.3281864566057985e-08, 1.6455766937582053e-11, -1.933127081584808e-12]
[0.0, 0.25795947610907477, -8.186467622832497, 0.04190881396417635, 0.028982120654788605, 6.15007998385442e-05, -3.160803764936898e-05, -5.8719251274069853e-08, 1.3281864566057985e-08, 1.535813681352174e-11, -1.933127081584808e-12]
[0.0, 0.25795947610907477, -8.2827510930785, 0.043889682070262295, 0.02951404363174599, 6.15007998385442e-05, -3.160803764936898e-05, -5.8719251274069853e-08, 1.3281864566057985e-08, 1.5089554123591835e-11, -1.9058284607237937e-12]




Vectors after mutation
[0.0, 0.25795947610907477, -8.186467622832497, 0.04286996630677839, 0.02951404363174599, 6.114036962513146e-05, -3.160803764936898e-05, -5.8719251274069853e-08, 1.3281864566057985e-08, 1.535813681352174e-11, -1.9043349234906283e-12]
[0.0, 0.25795947610907477, -8.186467622832497, 0.04190881396417635, 0.02951404363174599, 6.227148855217452e-05, -3.113317681395553e-05, -5.8719251274069853e-08, 1.3281864566057985e-08, 1.535813681352174e-11, -1.931344761547915e-12]
[0.0, 0.25795947610907477, -7.883930001293509, 0.04286996630677839, 0.029506124728667742, 6.051890153456579e-05, -3.160803764936898e-05, -5.8719251274069853e-08, 1.3281864566057985e-08, 1.5089554123591835e-11, -1.9058284607237937e-12]
[0.0, 0.2704155271734706, -8.612989978993653, 0.043889682070262295, 0.02818723300083984, 6.140648626132973e-05, -3.160803764936898e-05, -5.8719251274069853e-08, 1.3914509905539304e-08, 1.6455766937582053e-11, -1.9058284607237937e-12]
[0.0, 0.26319657642813066, -8.244451664305615, 0.04286996630677839, 0.02951404363174599, 6.15007998385442e-05, -3.160803764936898e-05, -5.8719251274069853e-08, 1.3281864566057985e-08, 1.535813681352174e-11, -1.9058284607237937e-12]
[0.0, 0.25795947610907477, -8.2827510930785, 0.04286996630677839, 0.0301189722455571, 6.349345975614809e-05, -3.119749257814689e-05, -5.737915813978033e-08, 1.3048305427338922e-08, 1.5089554123591835e-11, -1.933127081584808e-12]
[0.0, 0.25795947610907477, -8.186467622832497, 0.043889682070262295, 0.02951404363174599, 6.15007998385442e-05, -3.160803764936898e-05, -6.039037238804255e-08, 1.3281864566057985e-08, 1.6455766937582053e-11, -1.933127081584808e-12]
[0.0, 0.25795947610907477, -8.186467622832497, 0.04190881396417635, 0.028982120654788605, 6.15007998385442e-05, -3.160803764936898e-05, -5.8719251274069853e-08, 1.3281864566057985e-08, 1.535813681352174e-11, -1.933127081584808e-12]
[0.0, 0.25795947610907477, -8.2827510930785, 0.043889682070262295, 0.02951404363174599, 6.15007998385442e-05, -3.160803764936898e-05, -5.8719251274069853e-08, 1.3281864566057985e-08, 1.5089554123591835e-11, -1.9058284607237937e-12]




Generation:  9
Population:
[0.0, 0.25795947610907477, -8.186467622832497, 0.04190881396417635, 0.02951404363174599, 6.15007998385442e-05, -3.160803764936898e-05, -5.8719251274069853e-08, 1.3281864566057985e-08, 1.535813681352174e-11, -1.931344761547915e-12]
[0.0, 0.25795947610907477, -8.186467622832497, 0.04286996630677839, 0.02951404363174599, 6.114036962513146e-05, -3.160803764936898e-05, -5.8719251274069853e-08, 1.3281864566057985e-08, 1.535813681352174e-11, -1.9043349234906283e-12]
[0.0, 0.25795947610907477, -8.186467622832497, 0.04190881396417635, 0.02951404363174599, 6.227148855217452e-05, -3.113317681395553e-05, -5.8719251274069853e-08, 1.3281864566057985e-08, 1.535813681352174e-11, -1.931344761547915e-12]
[0.0, 0.25795947610907477, -7.883930001293509, 0.04286996630677839, 0.029506124728667742, 6.051890153456579e-05, -3.160803764936898e-05, -5.8719251274069853e-08, 1.3281864566057985e-08, 1.5089554123591835e-11, -1.9058284607237937e-12]
[0.0, 0.2704155271734706, -8.612989978993653, 0.043889682070262295, 0.02818723300083984, 6.140648626132973e-05, -3.160803764936898e-05, -5.8719251274069853e-08, 1.3914509905539304e-08, 1.6455766937582053e-11, -1.9058284607237937e-12]
[0.0, 0.26319657642813066, -8.244451664305615, 0.04286996630677839, 0.02951404363174599, 6.15007998385442e-05, -3.160803764936898e-05, -5.8719251274069853e-08, 1.3281864566057985e-08, 1.535813681352174e-11, -1.9058284607237937e-12]
[0.0, 0.25795947610907477, -8.2827510930785, 0.04286996630677839, 0.0301189722455571, 6.349345975614809e-05, -3.119749257814689e-05, -5.737915813978033e-08, 1.3048305427338922e-08, 1.5089554123591835e-11, -1.933127081584808e-12]
[0.0, 0.25795947610907477, -8.186467622832497, 0.043889682070262295, 0.02951404363174599, 6.15007998385442e-05, -3.160803764936898e-05, -6.039037238804255e-08, 1.3281864566057985e-08, 1.6455766937582053e-11, -1.933127081584808e-12]
[0.0, 0.25795947610907477, -8.186467622832497, 0.04190881396417635, 0.028982120654788605, 6.15007998385442e-05, -3.160803764936898e-05, -5.8719251274069853e-08, 1.3281864566057985e-08, 1.535813681352174e-11, -1.933127081584808e-12]
[0.0, 0.25795947610907477, -8.2827510930785, 0.043889682070262295, 0.02951404363174599, 6.15007998385442e-05, -3.160803764936898e-05, -5.8719251274069853e-08, 1.3281864566057985e-08, 1.5089554123591835e-11, -1.9058284607237937e-12]




Population Selected For Crossover
[0.0, 0.25795947610907477, -8.186467622832497, 0.04190881396417635, 0.02951404363174599, 6.15007998385442e-05, -3.160803764936898e-05, -5.8719251274069853e-08, 1.3281864566057985e-08, 1.535813681352174e-11, -1.931344761547915e-12]
[0.0, 0.25795947610907477, -8.186467622832497, 0.043889682070262295, 0.02951404363174599, 6.15007998385442e-05, -3.160803764936898e-05, -6.039037238804255e-08, 1.3281864566057985e-08, 1.6455766937582053e-11, -1.933127081584808e-12]
[0.0, 0.25795947610907477, -8.2827510930785, 0.043889682070262295, 0.02951404363174599, 6.15007998385442e-05, -3.160803764936898e-05, -5.8719251274069853e-08, 1.3281864566057985e-08, 1.5089554123591835e-11, -1.9058284607237937e-12]
[0.0, 0.26319657642813066, -8.244451664305615, 0.04286996630677839, 0.02951404363174599, 6.15007998385442e-05, -3.160803764936898e-05, -5.8719251274069853e-08, 1.3281864566057985e-08, 1.535813681352174e-11, -1.9058284607237937e-12]
[0.0, 0.25795947610907477, -8.186467622832497, 0.04286996630677839, 0.02951404363174599, 6.114036962513146e-05, -3.160803764936898e-05, -5.8719251274069853e-08, 1.3281864566057985e-08, 1.535813681352174e-11, -1.9043349234906283e-12]




Vectors after applying the crossover
[0.0, 0.2636625058908325, -8.2827510930785, 0.043889682070262295, 0.03083572920965684, 5.9871608946429255e-05, -3.160803764936898e-05, -6.039037238804255e-08, 1.3281864566057985e-08, 1.6455766937582053e-11, -1.9058284607237937e-12]
[0.0, 0.25795947610907477, -8.186467622832497, 0.04190881396417635, 0.02951404363174599, 6.15007998385442e-05, -3.160803764936898e-05, -5.8719251274069853e-08, 1.3281864566057985e-08, 1.562160264630647e-11, -1.931344761547915e-12]
[0.0, 0.25795947610907477, -8.2827510930785, 0.04290513925708406, 0.02951404363174599, 6.15007998385442e-05, -3.160803764936898e-05, -5.8719251274069853e-08, 1.38954265577229e-08, 1.535813681352174e-11, -1.9058284607237937e-12]
[0.0, 0.25795947610907477, -8.186467622832497, 0.043889682070262295, 0.02951404363174599, 6.15007998385442e-05, -3.160803764936898e-05, -5.8719251274069853e-08, 1.3281864566057985e-08, 1.4469506775288495e-11, -1.9043349234906283e-12]
[0.0, 0.25795947610907477, -8.186467622832497, 0.043738364351407225, 0.030676444049708693, 6.15007998385442e-05, -3.160803764936898e-05, -6.039037238804255e-08, 1.2947313798084388e-08, 1.535813681352174e-11, -1.931344761547915e-12]
[0.0, 0.25795947610907477, -8.186467622832497, 0.04190881396417635, 0.02951404363174599, 6.185972028398237e-05, -3.160803764936898e-05, -5.8719251274069853e-08, 1.3281864566057985e-08, 1.535813681352174e-11, -1.926587407815058e-12]
[0.0, 0.25795947610907477, -8.186467622832497, 0.043889682070262295, 0.02951404363174599, 6.059388156713099e-05, -3.160803764936898e-05, -5.8719251274069853e-08, 1.3281864566057985e-08, 1.6455766937582053e-11, -2.00248651372951e-12]
[0.0, 0.25795947610907477, -8.244451664305615, 0.04286996630677839, 0.02951404363174599, 6.15007998385442e-05, -3.246435385693749e-05, -5.8719251274069853e-08, 1.3281864566057985e-08, 1.535813681352174e-11, -1.931344761547915e-12]
[0.0, 0.2572494969724247, -8.186467622832497, 0.04286996630677839, 0.02951404363174599, 6.427007341273342e-05, -3.160803764936898e-05, -5.8719251274069853e-08, 1.3393988793399015e-08, 1.535813681352174e-11, -1.9058284607237937e-12]




Vectors after mutation
[0.0, 0.2636625058908325, -8.2827510930785, 0.043889682070262295, 0.03083572920965684, 5.9871608946429255e-05, -3.160803764936898e-05, -6.039037238804255e-08, 1.3281864566057985e-08, 1.6455766937582053e-11, -1.9058284607237937e-12]
[0.0, 0.25795947610907477, -8.186467622832497, 0.04190881396417635, 0.02951404363174599, 6.15007998385442e-05, -3.160803764936898e-05, -5.8719251274069853e-08, 1.3281864566057985e-08, 1.562160264630647e-11, -1.931344761547915e-12]
[0.0, 0.25795947610907477, -8.2827510930785, 0.04290513925708406, 0.02951404363174599, 6.15007998385442e-05, -3.160803764936898e-05, -5.8719251274069853e-08, 1.38954265577229e-08, 1.535813681352174e-11, -1.9058284607237937e-12]
[0.0, 0.25795947610907477, -8.186467622832497, 0.043889682070262295, 0.02951404363174599, 6.15007998385442e-05, -3.160803764936898e-05, -5.8719251274069853e-08, 1.3281864566057985e-08, 1.4469506775288495e-11, -1.9043349234906283e-12]
[0.0, 0.25795947610907477, -8.186467622832497, 0.043738364351407225, 0.030676444049708693, 6.15007998385442e-05, -3.160803764936898e-05, -6.039037238804255e-08, 1.2947313798084388e-08, 1.535813681352174e-11, -1.931344761547915e-12]
[0.0, 0.25795947610907477, -8.186467622832497, 0.04190881396417635, 0.02951404363174599, 6.185972028398237e-05, -3.160803764936898e-05, -5.8719251274069853e-08, 1.3281864566057985e-08, 1.535813681352174e-11, -1.926587407815058e-12]
[0.0, 0.25795947610907477, -8.186467622832497, 0.043889682070262295, 0.02951404363174599, 6.059388156713099e-05, -3.160803764936898e-05, -5.8719251274069853e-08, 1.3281864566057985e-08, 1.6455766937582053e-11, -2.00248651372951e-12]
[0.0, 0.25795947610907477, -8.244451664305615, 0.04286996630677839, 0.02951404363174599, 6.15007998385442e-05, -3.246435385693749e-05, -5.8719251274069853e-08, 1.3281864566057985e-08, 1.535813681352174e-11, -1.931344761547915e-12]
[0.0, 0.2572494969724247, -8.186467622832497, 0.04286996630677839, 0.02951404363174599, 6.427007341273342e-05, -3.160803764936898e-05, -5.8719251274069853e-08, 1.3393988793399015e-08, 1.535813681352174e-11, -1.9058284607237937e-12]




Generation:  10
Population:
[0.0, 0.25795947610907477, -8.186467622832497, 0.04190881396417635, 0.02951404363174599, 6.15007998385442e-05, -3.160803764936898e-05, -5.8719251274069853e-08, 1.3281864566057985e-08, 1.535813681352174e-11, -1.931344761547915e-12]
[0.0, 0.2636625058908325, -8.2827510930785, 0.043889682070262295, 0.03083572920965684, 5.9871608946429255e-05, -3.160803764936898e-05, -6.039037238804255e-08, 1.3281864566057985e-08, 1.6455766937582053e-11, -1.9058284607237937e-12]
[0.0, 0.25795947610907477, -8.186467622832497, 0.04190881396417635, 0.02951404363174599, 6.15007998385442e-05, -3.160803764936898e-05, -5.8719251274069853e-08, 1.3281864566057985e-08, 1.562160264630647e-11, -1.931344761547915e-12]
[0.0, 0.25795947610907477, -8.2827510930785, 0.04290513925708406, 0.02951404363174599, 6.15007998385442e-05, -3.160803764936898e-05, -5.8719251274069853e-08, 1.38954265577229e-08, 1.535813681352174e-11, -1.9058284607237937e-12]
[0.0, 0.25795947610907477, -8.186467622832497, 0.043889682070262295, 0.02951404363174599, 6.15007998385442e-05, -3.160803764936898e-05, -5.8719251274069853e-08, 1.3281864566057985e-08, 1.4469506775288495e-11, -1.9043349234906283e-12]
[0.0, 0.25795947610907477, -8.186467622832497, 0.043738364351407225, 0.030676444049708693, 6.15007998385442e-05, -3.160803764936898e-05, -6.039037238804255e-08, 1.2947313798084388e-08, 1.535813681352174e-11, -1.931344761547915e-12]
[0.0, 0.25795947610907477, -8.186467622832497, 0.04190881396417635, 0.02951404363174599, 6.185972028398237e-05, -3.160803764936898e-05, -5.8719251274069853e-08, 1.3281864566057985e-08, 1.535813681352174e-11, -1.926587407815058e-12]
[0.0, 0.25795947610907477, -8.186467622832497, 0.043889682070262295, 0.02951404363174599, 6.059388156713099e-05, -3.160803764936898e-05, -5.8719251274069853e-08, 1.3281864566057985e-08, 1.6455766937582053e-11, -2.00248651372951e-12]
[0.0, 0.25795947610907477, -8.244451664305615, 0.04286996630677839, 0.02951404363174599, 6.15007998385442e-05, -3.246435385693749e-05, -5.8719251274069853e-08, 1.3281864566057985e-08, 1.535813681352174e-11, -1.931344761547915e-12]
[0.0, 0.2572494969724247, -8.186467622832497, 0.04286996630677839, 0.02951404363174599, 6.427007341273342e-05, -3.160803764936898e-05, -5.8719251274069853e-08, 1.3393988793399015e-08, 1.535813681352174e-11, -1.9058284607237937e-12]




Population Selected For Crossover
[0.0, 0.25795947610907477, -8.186467622832497, 0.04190881396417635, 0.02951404363174599, 6.15007998385442e-05, -3.160803764936898e-05, -5.8719251274069853e-08, 1.3281864566057985e-08, 1.535813681352174e-11, -1.931344761547915e-12]
[0.0, 0.25795947610907477, -8.186467622832497, 0.04190881396417635, 0.02951404363174599, 6.15007998385442e-05, -3.160803764936898e-05, -5.8719251274069853e-08, 1.3281864566057985e-08, 1.562160264630647e-11, -1.931344761547915e-12]
[0.0, 0.25795947610907477, -8.186467622832497, 0.04190881396417635, 0.02951404363174599, 6.185972028398237e-05, -3.160803764936898e-05, -5.8719251274069853e-08, 1.3281864566057985e-08, 1.535813681352174e-11, -1.926587407815058e-12]
[0.0, 0.25795947610907477, -8.186467622832497, 0.043889682070262295, 0.02951404363174599, 6.15007998385442e-05, -3.160803764936898e-05, -5.8719251274069853e-08, 1.3281864566057985e-08, 1.4469506775288495e-11, -1.9043349234906283e-12]
[0.0, 0.25795947610907477, -8.186467622832497, 0.043738364351407225, 0.030676444049708693, 6.15007998385442e-05, -3.160803764936898e-05, -6.039037238804255e-08, 1.2947313798084388e-08, 1.535813681352174e-11, -1.931344761547915e-12]




Vectors after applying the crossover
[0.0, 0.25795947610907477, -8.186467622832497, 0.043889682070262295, 0.02951404363174599, 5.9387644272701e-05, -3.160803764936898e-05, -5.8719251274069853e-08, 1.3281864566057985e-08, 1.4469506775288495e-11, -1.931344761547915e-12]
[0.0, 0.25795947610907477, -7.907478814112677, 0.04190881396417635, 0.02951404363174599, 6.185972028398237e-05, -3.160803764936898e-05, -6.11688932593983e-08, 1.3281864566057985e-08, 1.535813681352174e-11, -1.926587407815058e-12]
[0.0, 0.25795947610907477, -7.978547678294971, 0.04190881396417635, 0.02862161671469755, 6.144800774967717e-05, -3.160803764936898e-05, -5.8719251274069853e-08, 1.3265589830639194e-08, 1.629463102560827e-11, -1.8428450973669726e-12]
[0.0, 0.25795947610907477, -8.186467622832497, 0.04190881396417635, 0.02951404363174599, 5.939028546879479e-05, -3.160803764936898e-05, -5.8719251274069853e-08, 1.3281864566057985e-08, 1.562160264630647e-11, -1.931344761547915e-12]
[0.0, 0.2585255436814199, -8.186467622832497, 0.04233497879943628, 0.030676444049708693, 6.15007998385442e-05, -3.160803764936898e-05, -6.039037238804255e-08, 1.2947313798084388e-08, 1.535813681352174e-11, -1.8470555420610568e-12]
[0.0, 0.2690298426821735, -8.186467622832497, 0.04190881396417635, 0.02951404363174599, 6.185972028398237e-05, -3.0639032051410736e-05, -5.8719251274069853e-08, 1.3281864566057985e-08, 1.4469506775288495e-11, -1.8579780435287668e-12]
[0.0, 0.25795947610907477, -8.163097401053966, 0.04190881396417635, 0.02951404363174599, 6.15007998385442e-05, -3.160803764936898e-05, -5.8719251274069853e-08, 1.3281864566057985e-08, 1.562160264630647e-11, -2.0186393462328414e-12]
[0.0, 0.2622844007695612, -8.186467622832497, 0.043889682070262295, 0.02951404363174599, 6.15007998385442e-05, -3.160803764936898e-05, -5.8719251274069853e-08, 1.3281864566057985e-08, 1.4469506775288495e-11, -1.9905539432810798e-12]
[0.0, 0.26552696042742496, -8.186467622832497, 0.04190881396417635, 0.02951404363174599, 6.15007998385442e-05, -3.160803764936898e-05, -5.8719251274069853e-08, 1.36113985187955e-08, 1.562160264630647e-11, -1.931344761547915e-12]




Vectors after mutation
[0.0, 0.25795947610907477, -8.186467622832497, 0.043889682070262295, 0.02951404363174599, 5.9387644272701e-05, -3.160803764936898e-05, -5.8719251274069853e-08, 1.3281864566057985e-08, 1.4469506775288495e-11, -1.931344761547915e-12]
[0.0, 0.25795947610907477, -7.907478814112677, 0.04190881396417635, 0.02951404363174599, 6.185972028398237e-05, -3.160803764936898e-05, -6.11688932593983e-08, 1.3281864566057985e-08, 1.535813681352174e-11, -1.926587407815058e-12]
[0.0, 0.25795947610907477, -7.978547678294971, 0.04190881396417635, 0.02862161671469755, 6.144800774967717e-05, -3.160803764936898e-05, -5.8719251274069853e-08, 1.3265589830639194e-08, 1.629463102560827e-11, -1.8428450973669726e-12]
[0.0, 0.25795947610907477, -8.186467622832497, 0.04190881396417635, 0.02951404363174599, 5.939028546879479e-05, -3.160803764936898e-05, -5.8719251274069853e-08, 1.3281864566057985e-08, 1.562160264630647e-11, -1.931344761547915e-12]
[0.0, 0.2585255436814199, -8.186467622832497, 0.04233497879943628, 0.030676444049708693, 6.15007998385442e-05, -3.160803764936898e-05, -6.039037238804255e-08, 1.2947313798084388e-08, 1.535813681352174e-11, -1.8470555420610568e-12]
[0.0, 0.2690298426821735, -8.186467622832497, 0.04190881396417635, 0.02951404363174599, 6.185972028398237e-05, -3.0639032051410736e-05, -5.8719251274069853e-08, 1.3281864566057985e-08, 1.4469506775288495e-11, -1.8579780435287668e-12]
[0.0, 0.25795947610907477, -8.163097401053966, 0.04190881396417635, 0.02951404363174599, 6.15007998385442e-05, -3.160803764936898e-05, -5.8719251274069853e-08, 1.3281864566057985e-08, 1.562160264630647e-11, -2.0186393462328414e-12]
[0.0, 0.2622844007695612, -8.186467622832497, 0.043889682070262295, 0.02951404363174599, 6.15007998385442e-05, -3.160803764936898e-05, -5.8719251274069853e-08, 1.3281864566057985e-08, 1.4469506775288495e-11, -1.9905539432810798e-12]
[0.0, 0.26552696042742496, -8.186467622832497, 0.04190881396417635, 0.02951404363174599, 6.15007998385442e-05, -3.160803764936898e-05, -5.8719251274069853e-08, 1.36113985187955e-08, 1.562160264630647e-11, -1.931344761547915e-12]




